0 2.659100
1 14.727700
2 13.795300
3 13.863800
4 13.774000
5 13.849500
6 13.749300
7 13.830300
8 14.277100
9 13.600200
10 13.658100
11 13.680000
12 13.525600
13 13.847700
14 17.793400
15 15.132700
16 13.941200
17 13.504100
18 13.494700
19 13.421900
20 13.625100
21 13.431000
22 13.835900
23 13.612400
24 13.671900
25 13.490100
26 13.768900
27 13.618200
28 13.697000
29 13.585700
30 13.639600
31 13.588600
32 13.678600
33 13.642700
34 13.683200
35 13.580400
36 13.731300
37 13.636700
38 13.642700
39 13.685000
40 13.668900
41 13.531300
42 13.698000
43 13.548500
44 13.713700
45 13.642900
46 13.696600
47 13.657500
48 13.680300
49 13.631100
50 13.656500
51 13.732100
52 13.682800
53 13.599600
54 13.722000
55 13.541300
56 13.740100
57 13.788300
58 13.826100
59 13.771900
60 13.765800
61 13.704300
62 13.969000
63 13.661600
64 13.796100
65 13.598300
66 13.766600
67 14.246500
68 13.842200
69 13.636300
70 13.722100
71 13.646400
72 13.868200
73 13.715200
74 13.736700
75 13.696400
76 14.359500
77 13.704000
78 13.866700
79 13.743600
80 13.681100
81 14.283100
82 13.844400
83 13.655000
84 13.810700
85 13.673400
86 13.773500
87 13.646900
88 13.786500
89 13.715000
90 13.872600
91 13.611300
92 13.794600
93 13.659800
94 13.739200
95 13.609400
96 13.769500
97 13.698300
98 13.800100
99 13.672600
100 13.871400
101 14.440200
102 13.816300
103 13.675500
104 13.805900
105 13.688200
106 13.811700
107 13.831000
108 13.780500
109 13.899800
110 13.749500
111 13.642200
112 13.923500
113 13.773900
114 14.140300
115 14.018900
116 14.002000
117 14.104400
118 13.866800
119 13.744800
120 13.802700
121 13.675200
122 13.737200
123 13.652200
124 13.713400
125 13.714300
126 14.239500
127 13.773200
128 17.365000
129 13.845700
130 13.846500
131 13.569800
132 13.720300
133 13.521700
134 13.600300
135 13.513200
136 13.723000
137 13.502700
138 13.659200
139 13.477800
140 13.488600
141 13.544900
142 13.574800
143 13.681400
144 14.423400
145 13.502100
146 13.729700
147 13.786200
148 13.786200
149 13.685300
150 13.779400
151 14.023800
152 13.752300
153 13.721200
154 13.766300
155 13.766100
156 13.822900
157 13.714400
158 13.829700
159 13.752700
160 13.847100
161 13.591100
162 13.881700
163 13.714300
164 13.866700
165 13.870800
166 13.956600
167 13.762300
168 13.782000
169 13.648600
170 13.855000
171 13.772100
172 13.787200
173 13.816000
174 13.755800
175 13.850700
176 13.854300
177 13.719700
178 13.761000
179 13.786900
180 13.934700
181 13.730500
182 13.815800
183 17.341600
184 17.277200
185 13.818500
186 13.838600
187 13.659100
188 13.779700
189 13.477200
190 13.716000
191 13.506300
192 13.579700
193 13.499100
194 13.570800
195 13.665700
196 13.578700
197 13.552200
198 13.624900
199 13.500600
200 13.693900
201 13.501300
202 13.556000
203 13.573000
204 13.525100
205 13.702400
206 13.776600
207 13.559700
208 13.861800
209 13.830900
210 13.859200
211 13.819200
212 13.886300
213 13.644100
214 14.438100
215 13.703700
216 13.756200
217 14.274200
218 14.040700
219 13.902100
220 13.986900
221 13.863100
222 14.047400
223 14.080500
224 14.009800
225 13.806600
226 13.952500
227 13.690800
228 14.026200
229 13.805400
230 13.938000
231 13.789700
232 13.838200
233 13.821500
234 13.877300
235 13.807600
236 14.581600
237 13.824900
238 13.688100
239 13.568900
240 13.778800
241 13.750500
242 13.604000
243 13.707700
244 13.541900
245 13.412200
246 13.595600
247 13.752400
248 13.687500
249 13.491700
250 13.628200
251 13.655000
252 13.770100
253 13.590700
254 13.597000
255 13.568400
256 13.732100
257 13.602300
258 13.731700
259 13.647100
260 13.738900
261 13.712300
262 13.790300
263 13.662200
264 13.783300
265 13.661800
266 13.812600
267 13.770600
268 13.809300
269 13.701700
270 13.814900
271 13.794500
272 13.790100
273 13.592400
274 13.697300
275 13.557900
276 13.638100
277 13.480100
278 13.579500
279 13.598400
280 13.605100
281 25.230900
282 13.534400
283 25.274600
284 14.173400
285 24.351400
286 13.587600
287 26.536400
288 14.193300
289 24.304100
290 16.213500
291 26.157800
292 15.374900
293 24.000300
294 16.201400
295 23.776900
296 13.794400
297 25.523300
298 15.153500
299 23.909100
300 14.159400
301 26.345600
302 15.114600
303 25.997400
304 15.087200
305 26.588700
306 15.063300
307 26.436400
308 15.066000
309 24.376000
310 15.229700
311 25.900800
312 14.234700
313 23.251900
314 16.229400
315 24.696400
316 13.744300
317 23.190400
318 16.242400
319 25.741700
320 15.099500
321 25.948600
322 14.262000
323 26.114800
324 15.189600
325 26.723100
326 13.567600
327 26.254400
328 15.153400
329 26.597900
330 15.210600
331 29.863700
332 13.970400
333 25.033800
334 14.243400
335 24.986200
336 13.583500
337 24.887600
338 13.652300
339 25.713500
340 13.827200
341 26.066000
342 13.566900
343 26.994600
344 13.613900
345 26.423100
346 16.198600
347 25.899900
348 15.050400
349 26.691100
350 15.148700
351 24.715900
352 15.061400
353 26.079500
354 15.018900
355 25.637900
356 15.146300
357 26.052300
358 15.169200
359 25.407100
360 15.202200
361 25.403400
362 13.579400
363 24.053600
364 14.763200
365 25.699700
366 13.668800
367 24.658100
368 14.044200
369 25.127200
370 15.067600
371 25.812900
372 14.034000
373 25.900500
374 14.135400
375 25.658100
376 16.078900
377 25.240900
378 13.840900
379 24.958000
380 14.014600
381 24.964100
382 15.062900
383 24.486000
384 16.239600
385 25.430300
386 14.208400
387 23.930100
388 16.132900
389 26.291400
390 14.441700
391 13.891300
392 13.956800
393 13.426100
394 13.818200
395 14.525800
396 13.890000
397 13.643400
398 14.011100
399 13.621200
400 14.155100
401 13.971800
402 13.953700
403 13.925800
404 14.042500
405 13.818400
406 13.963200
407 14.015100
408 13.912600
409 13.816800
410 14.598800
411 13.782900
412 13.877700
413 13.940500
414 13.690500
415 13.866300
416 13.737900
417 13.930300
418 13.934300
419 13.840700
420 13.969000
421 13.994800
422 13.634200
423 13.957800
424 13.900100
425 13.826500
426 13.623900
427 13.980200
428 13.487200
429 13.738600
430 13.916600
431 13.759000
432 13.789300
433 13.979900
434 13.694300
435 14.011000
436 13.875700
437 13.724500
438 13.755500
439 13.977900
440 13.665300
441 13.946100
442 13.881900
443 13.756500
444 13.769300
445 13.931500
446 13.652100
447 13.738200
448 14.294400
449 13.844900
450 13.728100
451 14.081000
452 13.775100
453 14.058000
454 14.000900
455 13.850300
456 13.834300
457 14.042100
458 13.678600
459 13.982000
460 13.899600
461 13.673900
462 13.592300
463 13.987700
464 13.608800
465 13.958800
466 14.360800
467 13.714400
468 13.781300
469 13.801200
470 13.677500
471 14.416900
472 13.879500
473 13.832500
474 13.852900
475 14.430100
476 13.695500
477 13.919600
478 14.000600
479 13.760600
480 17.379700
481 13.649100
482 13.801900
483 13.790400
484 13.573100
485 13.709900
486 13.794400
487 13.568800
488 13.879000
489 13.865100
490 13.634500
491 13.705200
492 14.179000
493 13.504900
494 13.911500
495 13.913100
496 13.674000
497 13.967000
498 14.002100
499 13.543100
500 13.986200
501 13.906300
502 13.744600
503 13.847300
504 14.136400
505 14.353400
506 13.954700
507 13.917700
508 13.809900
509 13.836500
510 13.947600
511 13.702900
512 13.762400
513 13.978400
514 13.687200
515 13.916700
516 13.974400
517 13.652100
518 13.947400
519 13.949400
520 13.821500
521 13.768900
522 14.041500
523 13.645400
524 13.891400
525 13.740300
526 13.646400
527 13.689200
528 13.954500
529 13.453300
530 13.738200
531 13.891200
532 13.832400
533 13.782200
534 13.939900
535 13.590700
536 13.937400
537 13.891600
538 13.837200
539 14.085400
540 14.025300
541 13.650100
542 13.991200
543 13.966500
544 13.797200
545 13.891000
546 13.977500
547 13.785500
548 14.262500
549 13.959000
550 13.848000
551 13.850600
552 14.001000
553 13.754000
554 13.945100
555 13.836800
556 13.944800
557 13.781300
558 14.038400
559 13.611800
560 13.971600
561 13.951000
562 13.834900
563 13.889600
564 14.075200
565 13.666700
566 13.927700
567 13.964600
568 13.787700
569 13.928500
570 14.078000
571 13.793500
572 13.945600
573 13.993800
574 14.425100
575 13.982300
576 14.000100
577 14.001000
578 13.939700
579 14.321800
580 13.751200
581 13.895200
582 13.916300
583 13.644700
584 13.907800
585 13.914500
586 13.652700
587 13.886300
588 13.897800
589 13.583000
590 13.902700
591 13.856400
592 13.754600
593 13.715500
594 14.690500
595 13.710000
596 13.947200
597 14.002900
598 13.816000
599 13.985700
600 14.094000
601 13.725600
602 13.987000
603 13.954900
604 13.833800
605 13.785200
606 14.011400
607 13.458200
608 13.913400
609 14.098700
610 13.769400
611 13.802400
612 13.848500
613 13.718600
614 13.922000
615 13.903700
616 13.668700
617 13.891800
618 14.076800
619 13.818500
620 13.923900
621 13.952600
622 13.872800
623 13.879000
624 13.944100
625 13.729100
626 13.979900
627 13.967400
628 13.796800
629 13.897300
630 13.980000
631 13.705200
632 13.981200
633 13.952100
634 13.783600
635 13.850700
636 13.969200
637 14.342800
638 14.002900
639 13.900200
640 13.745800
641 13.935800
642 14.064700
643 13.681400
644 13.972500
645 14.047200
646 13.793900
647 14.012700
648 14.047300
649 13.673900
650 13.998300
651 13.983300
652 13.880600
653 13.965200
654 14.367900
655 13.699700
656 14.139800
657 13.978700
658 13.768800
659 13.943700
660 13.987500
661 13.971300
662 13.940100
663 13.931200
664 13.817200
665 13.907200
666 13.995100
667 13.670900
668 13.971200
669 14.021200
670 13.833500
671 13.933400
672 14.432000
673 13.734200
674 14.044000
675 13.818900
676 13.778100
677 13.760300
678 13.852100
679 13.521300
680 14.624300
681 14.082600
682 13.640900
683 13.816100
684 13.846200
685 13.654400
686 14.026100
687 13.990900
688 13.799500
689 13.886400
690 14.371200
691 13.669900
692 14.385300
693 17.207400
694 15.029400
695 14.741700
696 13.951500
697 14.760300
698 14.413600
699 13.978300
700 14.459700
701 14.736300
702 13.851200
703 14.636900
704 14.491400
705 14.089400
706 14.629200
707 14.711500
708 13.983600
709 14.708900
710 14.570400
711 14.137300
712 14.537800
713 14.656500
714 13.913100
715 14.720000
716 14.608700
717 14.018000
718 14.560000
719 14.566500
720 13.904700
721 14.593400
722 13.858500
723 13.884600
724 14.378500
725 14.508500
726 13.758000
727 14.378200
728 14.585600
729 13.852300
730 14.345400
731 14.484200
732 13.685300
733 14.667300
734 14.479000
735 13.941100
736 14.401100
737 14.602000
738 13.867800
739 14.619200
740 14.469000
741 14.573700
742 14.508300
743 14.648900
744 13.716500
745 14.596300
746 14.383500
747 13.840400
748 14.497700
749 14.597100
750 13.738200
751 14.518100
752 14.446700
753 15.595800
754 18.477600
755 13.849400
756 14.494400
757 14.528600
758 13.834100
759 14.562000
760 14.480000
761 14.479700
762 14.446800
763 14.516800
764 13.796200
765 14.650100
766 14.364300
767 13.848800
768 14.359200
769 14.536200
770 13.770200
771 13.965000
772 14.354600
773 13.867500
774 14.435500
775 14.540000
776 13.766400
777 14.497000
778 14.420400
779 14.610400
780 14.335800
781 14.510200
782 13.787300
783 14.563400
784 14.453900
785 13.887100
786 14.352700
787 14.481200
788 13.996300
789 14.514000
790 14.389700
791 13.824400
792 14.532200
793 14.611500
794 17.327400
795 14.561600
796 14.458700
797 13.909900
798 14.693900
799 14.631200
800 14.070400
801 14.643800
802 14.927900
803 14.062600
804 14.731800
805 14.626600
806 13.998700
807 14.546100
808 14.673300
809 14.029900
810 14.633000
811 14.378300
812 14.004800
813 14.515100
814 14.556600
815 13.791800
816 15.101600
817 14.575500
818 14.012000
819 14.455600
820 14.092600
821 13.943100
822 14.609100
823 14.626100
824 14.603000
825 14.765200
826 14.758900
827 14.555200
828 14.790500
829 14.656400
830 14.050500
831 14.820200
832 14.882800
833 14.122500
834 14.852800
835 14.772300
836 14.199900
837 14.807100
838 14.891900
839 14.119600
840 14.872500
841 14.742300
842 14.188900
843 14.831800
844 14.913600
845 14.119700
846 14.846800
847 14.743800
848 14.282700
849 14.767300
850 14.896300
851 14.163500
852 15.056000
853 15.375900
854 14.243100
855 14.736600
856 14.783200
857 14.093000
858 14.767300
859 14.744100
860 14.077900
861 15.079700
862 14.672200
863 13.965200
864 14.655600
865 15.262200
866 14.129000
867 14.673900
868 14.762400
869 14.011100
870 14.031700
871 14.675600
872 14.044100
873 14.561800
874 14.649100
875 13.861900
876 14.692500
877 14.542400
878 14.014700
879 14.585000
880 14.647300
881 13.841200
882 14.831700
883 15.089800
884 14.039900
885 14.487900
886 14.725200
887 13.965400
888 14.786400
889 14.733700
890 14.093000
891 14.603800
892 14.697600
893 14.117600
894 14.768200
895 14.897600
896 14.089100
897 14.723400
898 14.719700
899 14.077000
900 14.712600
901 14.579200
902 14.233800
903 14.516400
904 14.588500
905 13.948700
906 14.882600
907 14.668800
908 14.085300
909 14.583300
910 14.772900
911 14.161500
912 14.678000
913 14.621900
914 14.059300
915 14.608400
916 14.666000
917 13.887900
918 14.663600
919 14.538100
920 14.061800
921 14.419600
922 14.724800
923 13.898200
924 15.248900
925 14.607300
926 13.947400
927 14.521600
928 14.643100
929 14.010500
930 14.547100
931 14.818100
932 14.112400
933 14.511700
934 14.561600
935 13.860000
936 14.552500
937 14.508600
938 13.889700
939 14.565500
940 14.607700
941 13.963200
942 14.639500
943 14.536800
944 14.064000
945 14.452700
946 14.513200
947 13.927500
948 14.593900
949 14.455600
950 14.155800
951 14.439700
952 14.579000
953 13.859600
954 14.665500
955 14.553900
956 14.003400
957 14.605800
958 14.519400
959 13.941300
960 14.591100
961 14.661600
962 14.183800
963 14.648700
964 14.829800
965 14.029100
966 15.210300
967 14.674700
968 14.002600
969 14.742500
970 14.589000
971 14.170300
972 14.741300
973 14.687500
974 14.121200
975 14.565100
976 14.862300
977 14.599800
978 15.285600
979 15.079700
980 14.437600
981 14.830900
982 14.920400
983 14.199700
984 15.033600
985 14.745600
986 14.299300
987 14.811300
988 14.890700
989 14.252500
990 14.964400
991 15.465100
992 14.421200
993 14.841800
994 14.904000
995 14.261000
996 14.863300
997 14.739200
998 14.239000
999 14.833200
1000 14.872400
1001 14.239100
1002 14.918600
1003 14.770300
1004 14.155400
1005 14.783600
1006 14.814600
1007 14.299800
1008 14.741800
1009 14.695500
1010 14.203300
1011 14.704200
1012 14.885500
1013 14.174400
1014 14.838800
1015 14.740900
1016 14.248700
1017 14.655600
1018 14.896700
1019 14.047900
1020 14.773800
1021 14.017800
1022 14.175900
1023 14.780400
1024 14.823200
1025 14.112100
1026 14.810500
1027 14.775500
1028 14.257100
1029 14.769200
1030 14.769300
1031 14.090700
1032 14.915400
1033 14.699100
1034 14.214300
1035 15.026000
1036 14.783200
1037 14.164200
1038 14.945900
1039 14.900000
1040 14.224800
1041 14.681800
1042 14.860500
1043 14.214600
1044 14.866700
1045 14.835800
1046 14.294000
1047 14.709500
1048 14.904000
1049 14.124100
1050 15.556400
1051 14.843600
1052 14.542500
1053 14.801500
1054 14.893000
1055 14.244600
1056 14.929000
1057 14.786600
1058 14.231500
1059 14.751600
1060 14.919400
1061 14.300900
1062 14.875300
1063 14.778600
1064 14.267800
1065 15.408000
1066 14.998800
1067 14.177600
1068 14.816300
1069 14.888900
1070 14.231000
1071 14.375100
1072 15.193800
1073 14.262600
1074 14.759800
1075 14.676400
1076 14.255900
1077 14.854200
1078 14.871900
1079 14.215800
1080 14.891700
1081 14.755100
1082 14.261800
1083 14.867700
1084 14.858000
1085 14.138300
1086 14.856400
1087 14.751700
1088 14.224300
1089 14.810300
1090 14.880400
1091 14.112300
1092 14.850200
1093 14.725500
1094 14.210800
1095 14.733900
1096 14.750200
1097 14.080700
1098 14.823800
1099 15.005000
1100 14.194900
1101 14.777500
1102 15.078500
1103 14.145100
1104 14.782000
1105 14.823700
1106 14.360200
1107 14.729600
1108 14.787500
1109 14.065600
1110 14.811700
1111 14.751100
1112 14.169500
1113 14.693700
1114 14.812800
1115 14.119200
1116 14.880800
1117 14.723500
1118 14.159100
1119 14.695800
1120 14.898800
1121 14.063300
1122 14.229600
1123 14.748200
1124 14.195200
1125 14.746700
1126 14.821300
1127 14.475800
1128 14.826900
1129 15.299800
1130 14.221500
1131 14.769800
1132 14.852300
1133 14.182800
1134 14.828400
1135 14.753700
1136 14.777200
1137 14.852800
1138 14.940700
1139 14.221200
1140 14.979800
1141 14.845400
1142 14.285400
1143 14.927600
1144 14.931800
1145 14.230600
1146 14.866200
1147 14.793800
1148 14.236700
1149 14.824700
1150 14.946100
1151 14.170500
1152 15.011000
1153 14.778100
1154 14.375600
1155 14.782800
1156 14.940000
1157 14.159000
1158 14.990600
1159 14.906800
1160 14.353500
1161 14.854100
1162 14.998200
1163 14.300300
1164 15.007800
1165 14.900900
1166 14.175100
1167 14.908400
1168 14.858400
1169 14.307400
1170 14.971600
1171 15.089300
1172 14.472400
1173 14.799400
1174 14.829100
1175 14.212300
1176 14.862700
1177 14.840800
1178 14.269200
1179 14.763000
1180 14.878900
1181 14.370900
1182 14.980000
1183 14.742600
1184 14.171200
1185 14.747200
1186 14.910900
1187 14.203500
1188 14.839400
1189 14.756900
1190 14.237200
1191 14.593000
1192 14.901900
1193 14.105600
1194 14.772600
1195 14.665600
1196 14.232600
1197 15.004300
1198 14.971200
1199 14.117600
1200 14.717000
1201 14.755400
1202 14.239300
1203 14.855500
1204 14.847700
1205 14.179400
1206 14.833300
1207 14.831800
1208 14.251200
1209 14.825900
1210 14.873200
1211 14.171500
1212 14.883900
1213 14.770900
1214 14.246500
1215 14.808900
1216 14.858800
1217 14.194200
1218 14.870100
1219 14.779200
1220 14.327600
1221 14.764100
1222 14.273600
1223 14.178400
1224 14.844500
1225 14.895300
1226 14.217000
1227 14.778600
1228 14.875300
1229 14.184600
1230 14.997700
1231 14.843800
1232 14.266500
1233 14.792700
1234 14.898800
1235 14.281100
1236 14.875000
1237 14.782500
1238 14.319400
1239 14.744100
1240 14.868800
1241 14.192700
1242 14.849400
1243 14.894000
1244 14.251800
1245 14.837900
1246 14.913700
1247 14.214300
1248 14.900900
1249 14.819200
1250 14.548900
1251 14.850000
1252 14.853100
1253 14.139700
1254 14.858700
1255 14.849300
1256 14.223400
1257 14.813900
1258 14.860200
1259 14.106500
1260 14.878500
1261 14.744300
1262 14.279700
1263 14.729200
1264 14.830600
1265 14.115600
1266 14.804100
1267 14.586600
1268 14.130200
1269 14.686800
1270 14.964700
1271 14.159300
1272 14.245100
1273 14.833900
1274 14.175700
1275 14.747300
1276 14.823400
1277 14.174900
1278 14.895200
1279 14.795900
1280 14.213600
1281 14.695000
1282 14.809600
1283 13.977100
1284 14.716600
1285 14.796100
1286 14.249300
1287 14.795900
1288 14.865300
1289 14.132700
1290 14.812100
1291 14.823500
1292 14.206200
1293 15.044700
1294 14.823300
1295 14.149400
1296 14.722500
1297 14.705100
1298 14.305000
1299 14.528400
1300 14.730200
1301 14.106700
1302 15.354500
1303 14.827200
1304 14.079900
1305 14.742600
1306 14.864800
1307 14.151800
1308 14.853400
1309 14.750000
1310 14.220100
1311 14.770500
1312 14.860100
1313 14.205200
1314 14.808300
1315 14.746700
1316 14.171800
1317 14.760500
1318 14.820800
1319 14.182100
1320 14.822000
1321 14.785100
1322 14.225700
1323 14.060400
1324 14.822800
1325 14.157700
1326 14.830500
1327 14.928100
1328 14.315200
1329 14.812900
1330 14.978200
1331 14.208100
1332 14.914800
1333 14.855600
1334 14.257400
1335 14.818600
1336 14.985200
1337 14.263700
1338 14.979500
1339 14.836700
1340 14.926800
1341 14.911200
1342 15.004300
1343 14.308600
1344 14.985600
1345 14.826300
1346 14.303200
1347 15.585300
1348 15.037300
1349 14.229100
1350 14.986700
1351 15.000600
1352 14.427800
1353 14.950200
1354 14.889900
1355 14.244400
1356 14.920100
1357 14.867700
1358 14.305200
1359 15.521700
1360 14.963500
1361 14.194500
1362 14.871700
1363 14.783900
1364 14.214300
1365 14.785300
1366 14.848300
1367 14.053100
1368 14.742600
1369 14.716800
1370 14.249000
1371 14.813300
1372 14.846400
1373 14.086100
1374 14.807800
1375 14.792700
1376 14.348400
1377 14.850800
1378 14.908300
1379 14.329700
1380 14.988500
1381 15.065700
1382 14.377700
1383 14.895000
1384 15.007200
1385 14.272100
1386 15.078700
1387 14.917400
1388 14.285200
1389 14.903200
1390 14.936200
1391 14.292400
1392 14.947900
1393 14.939100
1394 14.322800
1395 14.883900
1396 15.036900
1397 14.575000
1398 14.956400
1399 14.884100
1400 14.332700
1401 14.778600
1402 15.169400
1403 14.177000
1404 14.909200
1405 14.671600
1406 14.279200
1407 14.903100
1408 14.967700
1409 14.219600
1410 14.949600
1411 15.203800
1412 15.057400
1413 14.926500
1414 15.675800
1415 14.322000
1416 14.993600
1417 14.894400
1418 14.306400
1419 14.913500
1420 14.987600
1421 14.263700
1422 15.041200
1423 14.904100
1424 14.360000
1425 14.942900
1426 15.127000
1427 14.385300
1428 15.010000
1429 14.942700
1430 14.419800
1431 15.036600
1432 15.383300
1433 14.352600
1434 15.068100
1435 14.986900
1436 14.421900
1437 15.154800
1438 15.113000
1439 14.413800
1440 15.111300
1441 15.007300
1442 14.473900
1443 15.209400
1444 15.102900
1445 14.335400
1446 15.422400
1447 14.905800
1448 14.361600
1449 14.964500
1450 15.006600
1451 14.293900
1452 15.099300
1453 14.926700
1454 14.378300
1455 14.882400
1456 14.988100
1457 14.313700
1458 15.040900
1459 15.027200
1460 14.443000
1461 14.895500
1462 15.034900
1463 14.326500
1464 14.974300
1465 15.367200
1466 15.012900
1467 15.007300
1468 15.081100
1469 14.476200
1470 15.090200
1471 15.121900
1472 14.565900
1473 15.007500
1474 15.054700
1475 14.365500
1476 14.414600
1477 15.231800
1478 14.631800
1479 15.081100
1480 15.197700
1481 14.393900
1482 15.664700
1483 14.963400
1484 14.439200
1485 14.917000
1486 15.105400
1487 14.336600
1488 15.075900
1489 14.932400
1490 14.366000
1491 14.920900
1492 15.034300
1493 14.474300
1494 15.035200
1495 15.226600
1496 14.419300
1497 15.279200
1498 15.149200
1499 14.410100
1500 15.086400
1501 14.998800
1502 14.375200
1503 14.907800
1504 14.998300
1505 14.334000
1506 15.052700
1507 14.968500
1508 14.357000
1509 14.924100
1510 15.104700
1511 14.394300
1512 15.173300
1513 15.072800
1514 14.384900
1515 15.616100
1516 15.031000
1517 14.318800
1518 15.060300
1519 14.996200
1520 14.466200
1521 14.926500
1522 15.093000
1523 14.392500
1524 15.044000
1525 14.956300
1526 14.537900
1527 15.034800
1528 15.096000
1529 14.983500
1530 15.100200
1531 14.973400
1532 14.385400
1533 14.927400
1534 14.990900
1535 14.269200
1536 15.160500
1537 15.124300
1538 14.500200
1539 14.949600
1540 15.067800
1541 14.360100
1542 15.113600
1543 15.128000
1544 14.574300
1545 15.007200
1546 15.161100
1547 14.433700
1548 15.210300
1549 15.061300
1550 14.546100
1551 15.147800
1552 15.409100
1553 14.561400
1554 15.288000
1555 15.082000
1556 14.519700
1557 15.029300
1558 15.068700
1559 14.355000
1560 15.114700
1561 14.930300
1562 14.339200
1563 14.981200
1564 14.956900
1565 14.523000
1566 15.104100
1567 15.037900
1568 14.402100
1569 14.937300
1570 15.044200
1571 14.191300
1572 15.014100
1573 15.041600
1574 14.342500
1575 14.955600
1576 15.226800
1577 14.478100
1578 15.149500
1579 15.045600
1580 14.477300
1581 15.037600
1582 15.144800
1583 14.428300
1584 15.012700
1585 14.960400
1586 14.245700
1587 14.947100
1588 15.012300
1589 14.110800
1590 14.865300
1591 14.976400
1592 14.407300
1593 15.096800
1594 15.133500
1595 14.390000
1596 15.038700
1597 15.040500
1598 14.426400
1599 15.036500
1600 15.047600
1601 14.381500
1602 15.144700
1603 15.852400
1604 14.577300
1605 15.096600
1606 15.181000
1607 14.479200
1608 15.274100
1609 15.179700
1610 14.507200
1611 14.994900
1612 15.129500
1613 14.454800
1614 15.141100
1615 15.079600
1616 14.523400
1617 15.026500
1618 15.116900
1619 14.420400
1620 15.110400
1621 15.074400
1622 14.463900
1623 15.108800
1624 15.833400
1625 14.420900
1626 15.021300
1627 15.077500
1628 14.493700
1629 14.982400
1630 15.043300
1631 14.327100
1632 15.103000
1633 14.967900
1634 14.363400
1635 14.956400
1636 14.867300
1637 14.366900
1638 15.021500
1639 14.836500
1640 14.265500
1641 14.830400
1642 15.100400
1643 14.316100
1644 15.042800
1645 14.847500
1646 14.395500
1647 14.858500
1648 15.051800
1649 14.164400
1650 15.276900
1651 15.089100
1652 14.517300
1653 15.088500
1654 14.979500
1655 14.221800
1656 15.069500
1657 15.001100
1658 14.394000
1659 15.027400
1660 15.050400
1661 14.347700
1662 15.089900
1663 14.948300
1664 14.386200
1665 15.032000
1666 14.995800
1667 14.353600
1668 14.909100
1669 14.903800
1670 14.351100
1671 15.020100
1672 15.095700
1673 14.410700
1674 15.023200
1675 14.954900
1676 14.290500
1677 15.042600
1678 14.310800
1679 14.197900
1680 14.962100
1681 14.969300
1682 14.488800
1683 14.935900
1684 15.220800
1685 14.295600
1686 15.000100
1687 15.088900
1688 14.301200
1689 15.384200
1690 15.023200
1691 14.445700
1692 15.226500
1693 15.371400
1694 14.359200
1695 15.093700
1696 15.159000
1697 14.435300
1698 15.160000
1699 15.794300
1700 14.556400
1701 15.048100
1702 15.068400
1703 14.383800
1704 15.051500
1705 15.066300
1706 14.414100
1707 15.137100
1708 14.975700
1709 14.343700
1710 15.085600
1711 15.151900
1712 14.583700
1713 15.012100
1714 15.089300
1715 14.372200
1716 14.941900
1717 14.865100
1718 14.345200
1719 14.977800
1720 15.057300
1721 14.329300
1722 15.138900
1723 15.152900
1724 14.551400
1725 14.973100
1726 15.117400
1727 14.518200
1728 14.466300
1729 15.550500
1730 14.442000
1731 15.316400
1732 14.879900
1733 14.336100
1734 15.409300
1735 14.909500
1736 14.375600
1737 14.897500
1738 14.984000
1739 14.389000
1740 15.024800
1741 14.886500
1742 14.352300
1743 15.058400
1744 14.998100
1745 14.348000
1746 14.969600
1747 14.972000
1748 14.378300
1749 14.934700
1750 15.071300
1751 14.367600
1752 15.001100
1753 15.028900
1754 14.254100
1755 14.886400
1756 15.141200
1757 14.351500
1758 14.993900
1759 14.847300
1760 14.434300
1761 15.048900
1762 15.543600
1763 14.438700
1764 15.117600
1765 14.994500
1766 14.353500
1767 14.953500
1768 15.037200
1769 14.502100
1770 14.956900
1771 15.039100
1772 14.515200
1773 15.121900
1774 15.165400
1775 14.426800
1776 15.218600
1777 15.075600
1778 14.448500
1779 14.417900
1780 15.092400
1781 14.410800
1782 15.201900
1783 15.134400
1784 14.562600
1785 15.034600
1786 15.147200
1787 14.485700
1788 15.153900
1789 15.070600
1790 14.578500
1791 15.032100
1792 15.147800
1793 14.516700
1794 15.180800
1795 15.131700
1796 14.549500
1797 15.072700
1798 15.111600
1799 14.415200
1800 15.164000
1801 15.025300
1802 14.636000
1803 15.136400
1804 15.190300
1805 14.435300
1806 15.130600
1807 15.141500
1808 14.481000
1809 15.051600
1810 15.121600
1811 14.283300
1812 15.090800
1813 14.973000
1814 14.453000
1815 14.987300
1816 15.126200
1817 14.450900
1818 15.210200
1819 15.122100
1820 14.507200
1821 15.065500
1822 15.148100
1823 14.431100
1824 15.270300
1825 15.085800
1826 14.517900
1827 15.022500
1828 15.114100
1829 14.478700
1830 15.176000
1831 15.024200
1832 14.490900
1833 15.006000
1834 15.107500
1835 14.381000
1836 15.192500
1837 15.069300
1838 14.509400
1839 15.047700
1840 15.124500
1841 14.399300
1842 15.146300
1843 15.261800
1844 14.572300
1845 15.071900
1846 15.076900
1847 14.521100
1848 15.152300
1849 15.037900
1850 14.708900
1851 15.058100
1852 15.200800
1853 14.559600
1854 15.307100
1855 15.165900
1856 14.565500
1857 15.060000
1858 15.349800
1859 14.478600
1860 15.150800
1861 14.995600
1862 14.472000
1863 14.983500
1864 15.177300
1865 14.494800
1866 15.154100
1867 15.084800
1868 14.499700
1869 15.181700
1870 15.158200
1871 14.266800
1872 15.044500
1873 15.011300
1874 14.452900
1875 15.178900
1876 15.828300
1877 14.542600
1878 15.219300
1879 14.485100
1880 14.595400
1881 15.135700
1882 15.368400
1883 14.492600
1884 15.109000
1885 15.041900
1886 14.631600
1887 15.160600
1888 15.207100
1889 14.508900
1890 15.225600
1891 14.985700
1892 14.530100
1893 15.043000
1894 15.173300
1895 14.444100
1896 14.948600
1897 15.217300
1898 14.450400
1899 15.027300
1900 15.215600
1901 14.530300
1902 15.147100
1903 15.381400
1904 14.510300
1905 15.048100
1906 15.100000
1907 14.539400
1908 15.075500
1909 15.127700
1910 14.520200
1911 15.141300
1912 15.268200
1913 15.132400
1914 15.374700
1915 15.211100
1916 14.617100
1917 15.176300
1918 15.302800
1919 14.858100
1920 15.380300
1921 15.316200
1922 14.788400
1923 15.324600
1924 15.424100
1925 14.840300
1926 15.267000
1927 15.233000
1928 14.631500
1929 14.561700
1930 15.946300
1931 14.508300
1932 15.126100
1933 15.059600
1934 14.435100
1935 15.170800
1936 15.153700
1937 14.682300
1938 15.169100
1939 15.339900
1940 14.799700
1941 15.128500
1942 15.204500
1943 14.838700
1944 15.288800
1945 15.272200
1946 14.660000
1947 15.936700
1948 15.370900
1949 14.640100
1950 15.362500
1951 15.588600
1952 14.840100
1953 15.271200
1954 15.447300
1955 14.661300
1956 15.408800
1957 15.285600
1958 14.707900
1959 15.239700
1960 15.170200
1961 15.302900
1962 15.498000
1963 15.409700
1964 14.811800
1965 15.369900
1966 15.434900
1967 14.754200
1968 15.366300
1969 15.307400
1970 14.773600
1971 15.353800
1972 15.452800
1973 14.738300
1974 15.472600
1975 15.380400
1976 14.787500
1977 15.363400
1978 15.327600
1979 15.834900
1980 15.438300
1981 15.164600
1982 14.767800
1983 15.215700
1984 15.409200
1985 14.518100
1986 15.386800
1987 15.271200
1988 14.731600
1989 15.196100
1990 15.316100
1991 14.567900
1992 15.284200
1993 15.339100
1994 14.692400
1995 15.259900
1996 15.370300
1997 14.634600
1998 15.321100
1999 15.348000
2000 14.748500
2001 15.258600
2002 15.348500
2003 14.603600
2004 15.313500
2005 15.324400
2006 14.694300
2007 15.338100
2008 15.369900
2009 14.653700
2010 15.337400
2011 15.283100
2012 14.731100
2013 15.227100
2014 15.292000
2015 14.631500
2016 15.281800
2017 15.262500
2018 14.710600
2019 15.351300
2020 15.467900
2021 14.592400
2022 15.372300
2023 15.192800
2024 14.691900
2025 15.880300
2026 15.397100
2027 14.434300
2028 15.273900
2029 15.050500
2030 14.678400
2031 14.985500
2032 15.325100
2033 14.484400
2034 15.136900
2035 15.183700
2036 14.511200
2037 15.119900
2038 15.325100
2039 14.628500
2040 15.192400
2041 15.226700
2042 16.125300
2043 15.482400
2044 15.259000
2045 14.728500
2046 15.304000
2047 15.272600
2048 14.649200
2049 15.267800
2050 16.010200
2051 14.654500
2052 15.308900
2053 15.310900
2054 14.652800
2055 15.340700
2056 15.299000
2057 15.299300
2058 15.351900
2059 15.231600
2060 14.721900
2061 15.356300
2062 15.379700
2063 14.617700
2064 15.415900
2065 15.212200
2066 14.767000
2067 15.236200
2068 15.400100
2069 14.635600
2070 15.694200
2071 15.315700
2072 14.825700
2073 15.755600
2074 15.368300
2075 15.349400
2076 15.417800
2077 15.403100
2078 14.810400
2079 15.418300
2080 15.284500
2081 14.784700
2082 15.350700
2083 15.341400
2084 14.726600
2085 15.245400
2086 15.421300
2087 14.696800
2088 15.379300
2089 15.354900
2090 14.804700
2091 15.310400
2092 15.371700
2093 14.725600
2094 15.420300
2095 15.230100
2096 14.736300
2097 15.295100
2098 15.399300
2099 14.620800
2100 15.463800
2101 15.344500
2102 14.826900
2103 15.479200
2104 15.410600
2105 14.699200
2106 15.467300
2107 15.325400
2108 14.779700
2109 15.274500
2110 15.345800
2111 14.695700
2112 15.440500
2113 15.321700
2114 14.755600
2115 15.320300
2116 15.270300
2117 14.572100
2118 15.267000
2119 15.351100
2120 14.673200
2121 15.359000
2122 15.420800
2123 14.715600
2124 15.355300
2125 15.281300
2126 14.784000
2127 15.380200
2128 15.479000
2129 14.754100
2130 15.403200
2131 14.791500
2132 14.786600
2133 15.293600
2134 15.375100
2135 14.640800
2136 15.305100
2137 15.263800
2138 14.782000
2139 15.362700
2140 15.382600
2141 14.664100
2142 15.455400
2143 15.433800
2144 14.730600
2145 15.372100
2146 15.410700
2147 14.699300
2148 15.351700
2149 15.241700
2150 15.192000
2151 15.288700
2152 15.398500
2153 14.882100
2154 15.411100
2155 15.340700
2156 14.776500
2157 15.252800
2158 15.400900
2159 14.665800
2160 15.334100
2161 15.107500
2162 14.528700
2163 15.231000
2164 15.258100
2165 14.552100
2166 15.321700
2167 15.221500
2168 14.712400
2169 15.086600
2170 15.375500
2171 14.491700
2172 15.436400
2173 15.077200
2174 14.588300
2175 15.297400
2176 15.335600
2177 14.684400
2178 15.205700
2179 15.204800
2180 14.609200
2181 15.230700
2182 14.629700
2183 14.739700
2184 15.159200
2185 15.188000
2186 14.619200
2187 15.420400
2188 15.394400
2189 14.747300
2190 15.311800
2191 15.360700
2192 14.753700
2193 15.425100
2194 15.422900
2195 14.594200
2196 15.371700
2197 15.309800
2198 14.767500
2199 15.330600
2200 15.397100
2201 14.701800
2202 15.395000
2203 15.268800
2204 14.875800
2205 15.268900
2206 15.413300
2207 14.707900
2208 15.376200
2209 16.058500
2210 14.807200
2211 15.264600
2212 15.505000
2213 14.723900
2214 15.420000
2215 15.383000
2216 14.809000
2217 15.335000
2218 15.486100
2219 14.689100
2220 15.425800
2221 15.416300
2222 14.792400
2223 15.371800
2224 16.086800
2225 14.840400
2226 15.642100
2227 15.583100
2228 14.967800
2229 15.501000
2230 15.665300
2231 14.908800
2232 14.925000
2233 15.461600
2234 14.905700
2235 15.446900
2236 15.551300
2237 14.964800
2238 15.553200
2239 15.437900
2240 14.888500
2241 15.408500
2242 15.494300
2243 14.905900
2244 15.453400
2245 15.344600
2246 14.817200
2247 15.401400
2248 15.492800
2249 14.796100
2250 15.763100
2251 15.347500
2252 14.909500
2253 15.371800
2254 15.496400
2255 14.756500
2256 15.326500
2257 15.608100
2258 15.047600
2259 15.547700
2260 15.479700
2261 14.808000
2262 15.607700
2263 15.386200
2264 14.874400
2265 15.415300
2266 15.509300
2267 14.840700
2268 15.558800
2269 15.462200
2270 14.823600
2271 15.475700
2272 15.515400
2273 14.766900
2274 15.485400
2275 15.327700
2276 14.834100
2277 15.434600
2278 15.371800
2279 14.821100
2280 15.326400
2281 15.447700
2282 15.017400
2283 15.415300
2284 15.491400
2285 14.773500
2286 15.580600
2287 15.460000
2288 14.909300
2289 15.436300
2290 15.569600
2291 15.538400
2292 15.715700
2293 15.515500
2294 14.847600
2295 15.442200
2296 15.570000
2297 14.842300
2298 15.626300
2299 15.385100
2300 14.877500
2301 15.396000
2302 16.243200
2303 15.212300
2304 15.505900
2305 15.433300
2306 14.928200
2307 15.455300
2308 15.692100
2309 14.826200
2310 15.545200
2311 15.414700
2312 14.932800
2313 15.503400
2314 15.578300
2315 14.840000
2316 15.508000
2317 16.136700
2318 15.057600
2319 15.469300
2320 15.581000
2321 14.822600
2322 15.512200
2323 15.423300
2324 15.021800
2325 15.438000
2326 15.541700
2327 14.886800
2328 15.486900
2329 15.456500
2330 14.903000
2331 15.432800
2332 14.895000
2333 14.824400
2334 15.495100
2335 15.462700
2336 14.974000
2337 15.836000
2338 15.508800
2339 14.832500
2340 15.499100
2341 15.385300
2342 14.833700
2343 15.498500
2344 15.460600
2345 14.704600
2346 15.669300
2347 15.517300
2348 14.761300
2349 15.442900
2350 15.394800
2351 14.858500
2352 15.658400
2353 15.650000
2354 14.980800
2355 15.492600
2356 15.544000
2357 14.916300
2358 15.637500
2359 15.450600
2360 14.912200
2361 15.470200
2362 15.633700
2363 14.896200
2364 15.629000
2365 15.438400
2366 15.008800
2367 15.556400
2368 15.513500
2369 14.866000
2370 15.635800
2371 15.337400
2372 14.894400
2373 15.251100
2374 15.390600
2375 14.700900
2376 15.510800
2377 15.395900
2378 14.805500
2379 15.317500
2380 15.543400
2381 14.851600
2382 15.389000
2383 14.695600
2384 14.749900
2385 15.455300
2386 15.489300
2387 14.897600
2388 15.396300
2389 15.431100
2390 14.683200
2391 15.877300
2392 15.510300
2393 15.029900
2394 15.601500
2395 15.360700
2396 15.038600
2397 15.501400
2398 15.539500
2399 14.779500
2400 15.631200
2401 15.444600
2402 14.975600
2403 15.642000
2404 15.528700
2405 14.901200
2406 15.575000
2407 15.487100
2408 15.020100
2409 15.520400
2410 15.660200
2411 15.017800
2412 15.692300
2413 15.581300
2414 15.028000
2415 15.587700
2416 15.709400
2417 15.036500
2418 15.645100
2419 15.985900
2420 14.985200
2421 15.623800
2422 15.681400
2423 14.977800
2424 15.677100
2425 15.585100
2426 15.035600
2427 15.619300
2428 15.664200
2429 14.984800
2430 15.628500
2431 15.534200
2432 15.099900
2433 14.838100
2434 15.561700
2435 14.868600
2436 15.430300
2437 15.473400
2438 14.969700
2439 15.474300
2440 15.468400
2441 15.471700
2442 15.626600
2443 15.648500
2444 14.895300
2445 15.258700
2446 15.525700
2447 14.788200
2448 15.488000
2449 15.481400
2450 14.796000
2451 15.399700
2452 15.461400
2453 14.895100
2454 15.577800
2455 15.570800
2456 14.944700
2457 15.471100
2458 15.572700
2459 15.651800
2460 15.601500
2461 15.586800
2462 15.050900
2463 15.587300
2464 15.738400
2465 14.914400
2466 15.689100
2467 15.574200
2468 15.087900
2469 15.581100
2470 15.680600
2471 14.756400
2472 15.607000
2473 15.448000
2474 14.871600
2475 16.130500
2476 15.848900
2477 15.041800
2478 15.740100
2479 15.678900
2480 15.079900
2481 15.657100
2482 15.872200
2483 15.107500
2484 15.757600
2485 15.663600
2486 15.069000
2487 15.621100
2488 15.775400
2489 14.991800
2490 15.752500
2491 15.645200
2492 15.200000
2493 15.848400
2494 15.741000
2495 15.068400
2496 15.527200
2497 15.578600
2498 15.075000
2499 15.675800
2500 15.764600
2501 15.085900
2502 15.764800
2503 15.648400
2504 15.094000
2505 15.647000
2506 15.754800
2507 15.054400
2508 15.815200
2509 15.607600
2510 15.130300
2511 15.646300
2512 15.689700
2513 14.862400
2514 15.599800
2515 15.548800
2516 15.040200
2517 15.479900
2518 15.779700
2519 14.889600
2520 15.544300
2521 15.417400
2522 15.175800
2523 15.437400
2524 15.570000
2525 14.959600
2526 15.697000
2527 15.517100
2528 15.232600
2529 15.838900
2530 16.462100
2531 15.264400
2532 15.725400
2533 15.584700
2534 15.152000
2535 15.451300
2536 15.761500
2537 15.062400
2538 15.739100
2539 15.718500
2540 15.071200
2541 15.564600
2542 15.700800
2543 15.075800
2544 15.783300
2545 15.707300
2546 15.081900
2547 15.627900
2548 15.738000
2549 15.001700
2550 15.855200
2551 15.641100
2552 15.265900
2553 15.939700
2554 15.849500
2555 15.045700
2556 15.810000
2557 15.658800
2558 15.085100
2559 16.331800
2560 15.763000
2561 15.029800
2562 15.828100
2563 15.701900
2564 15.167200
2565 15.644300
2566 15.714800
2567 15.016500
2568 15.761700
2569 16.061700
2570 15.082300
2571 15.644200
2572 15.725400
2573 14.997000
2574 15.772100
2575 15.661100
2576 15.137300
2577 15.650700
2578 15.761400
2579 15.134200
2580 15.817000
2581 15.674900
2582 15.200400
2583 15.669700
2584 15.185700
2585 15.107200
2586 15.740700
2587 15.643600
2588 15.134400
2589 15.660200
2590 15.813500
2591 14.927500
2592 15.581800
2593 15.641500
2594 14.999500
2595 15.960900
2596 15.558600
2597 14.930200
2598 15.665000
2599 15.796400
2600 15.151200
2601 15.758500
2602 15.862300
2603 15.370900
2604 15.751300
2605 15.525400
2606 15.071400
2607 15.711000
2608 15.702300
2609 15.068900
2610 15.763600
2611 15.655200
2612 15.147900
2613 15.693500
2614 15.757300
2615 15.064300
2616 15.718100
2617 15.740800
2618 15.127900
2619 16.091800
2620 15.765300
2621 15.036500
2622 15.845400
2623 15.639500
2624 15.125300
2625 15.660300
2626 15.589800
2627 15.015900
2628 16.177500
2629 15.718300
2630 15.122900
2631 15.776200
2632 15.743700
2633 15.026700
2634 16.403800
2635 15.649300
2636 15.220100
2637 15.720100
2638 15.889400
2639 15.409500
2640 15.964900
2641 15.782000
2642 15.277200
2643 15.845600
2644 15.943700
2645 15.232100
2646 15.856100
2647 15.876100
2648 15.323400
2649 15.842700
2650 16.051000
2651 15.217500
2652 15.964400
2653 15.916300
2654 15.325200
2655 15.837000
2656 16.003600
2657 15.316100
2658 16.092500
2659 15.989100
2660 15.499500
2661 15.750100
2662 16.177200
2663 15.132400
2664 15.744800
2665 15.678500
2666 15.258500
2667 15.667000
2668 15.895900
2669 15.427400
2670 15.785200
2671 15.776300
2672 15.268100
2673 15.722200
2674 15.851000
2675 15.093000
2676 15.854100
2677 15.736300
2678 15.204500
2679 15.732600
2680 15.930100
2681 15.081100
2682 15.819300
2683 15.753300
2684 15.181700
2685 15.034700
2686 15.906300
2687 15.180700
2688 15.908800
2689 15.716200
2690 15.344900
2691 15.723400
2692 15.991500
2693 15.408200
2694 15.933000
2695 15.926400
2696 15.431600
2697 15.957600
2698 15.993300
2699 15.272100
2700 15.941300
2701 15.851700
2702 15.527100
2703 15.863000
2704 15.938200
2705 15.249300
2706 15.917000
2707 16.098200
2708 15.439600
2709 15.973600
2710 16.041000
2711 15.344200
2712 16.068100
2713 15.994700
2714 15.483400
2715 15.981100
2716 16.072800
2717 15.395500
2718 16.130600
2719 15.989000
2720 15.569100
2721 15.922400
2722 16.099600
2723 15.354200
2724 16.132200
2725 15.980600
2726 15.307500
2727 15.877600
2728 15.934700
2729 15.255400
2730 16.103600
2731 15.917400
2732 15.356900
2733 16.081300
2734 16.125900
2735 15.603800
2736 15.964500
2737 15.898100
2738 15.305600
2739 15.814600
2740 15.932700
2741 15.323100
2742 16.395800
2743 15.937600
2744 15.310400
2745 15.835500
2746 15.797300
2747 15.110100
2748 15.933000
2749 15.736100
2750 15.146800
2751 15.656300
2752 15.941700
2753 15.063600
2754 15.845300
2755 15.714500
2756 15.356200
2757 15.688100
2758 16.576400
2759 15.131400
2760 15.971600
2761 16.488100
2762 15.384800
2763 16.493200
2764 15.971900
2765 15.324100
2766 16.003300
2767 15.905600
2768 15.382800
2769 16.040600
2770 16.090900
2771 15.266500
2772 16.389200
2773 16.003100
2774 15.424100
2775 16.129300
2776 16.058000
2777 15.329000
2778 15.935200
2779 15.861600
2780 15.441700
2781 15.973800
2782 16.018700
2783 15.330200
2784 16.002400
2785 15.913900
2786 15.448200
2787 15.862200
2788 15.919500
2789 15.233000
2790 16.003700
2791 15.856900
2792 15.448100
2793 15.885900
2794 15.951700
2795 15.289000
2796 15.923800
2797 15.889900
2798 15.358300
2799 15.867300
2800 15.979100
2801 15.230400
2802 16.012400
2803 16.082400
2804 15.401700
2805 15.895100
2806 15.936300
2807 15.322800
2808 16.164000
2809 15.861400
2810 15.370700
2811 15.892700
2812 15.995600
2813 15.250800
2814 16.043200
2815 15.872900
2816 15.350300
2817 15.842900
2818 15.958500
2819 15.207900
2820 16.144000
2821 15.864000
2822 15.424400
2823 15.885300
2824 16.057200
2825 15.382500
2826 16.129100
2827 15.990200
2828 15.409600
2829 15.923200
2830 16.168000
2831 15.362400
2832 16.071000
2833 15.977300
2834 15.379000
2835 15.986200
2836 15.457600
2837 15.336400
2838 16.030000
2839 15.912400
2840 15.456100
2841 15.918200
2842 16.000300
2843 15.413000
2844 16.016400
2845 15.937300
2846 15.381800
2847 15.966100
2848 15.964900
2849 15.343700
2850 16.033800
2851 15.734500
2852 15.463800
2853 16.002800
2854 15.933900
2855 15.190000
2856 15.957700
2857 15.689400
2858 15.363100
2859 15.821000
2860 15.892000
2861 15.218500
2862 16.017100
2863 15.968400
2864 15.223400
2865 15.949500
2866 15.870700
2867 15.126500
2868 15.855000
2869 15.714200
2870 15.263900
2871 15.836900
2872 15.912100
2873 15.237300
2874 15.759700
2875 15.834200
2876 15.184000
2877 15.819200
2878 15.770000
2879 15.280300
2880 15.983400
2881 16.375200
2882 15.326100
2883 15.860700
2884 15.881700
2885 15.289500
2886 15.448900
2887 16.009400
2888 15.545300
2889 15.974400
2890 16.073000
2891 15.182900
2892 16.019200
2893 16.130800
2894 15.467500
2895 15.855900
2896 16.069100
2897 15.442400
2898 16.102700
2899 16.059200
2900 15.489600
2901 16.016000
2902 16.192100
2903 15.436000
2904 16.183800
2905 16.000000
2906 15.333000
2907 15.857500
2908 15.907000
2909 15.286300
2910 15.870200
2911 15.991400
2912 15.229000
2913 15.912400
2914 15.910200
2915 15.357700
2916 16.011900
2917 15.845400
2918 15.271200
2919 15.755000
2920 15.998800
2921 15.348300
2922 16.081400
2923 15.813000
2924 15.516900
2925 16.033500
2926 16.167000
2927 15.951600
2928 16.260300
2929 16.139100
2930 15.515800
2931 16.000900
2932 16.185300
2933 15.462100
2934 16.055900
2935 16.622000
2936 15.613100
2937 16.200800
2938 16.183400
2939 15.492700
2940 16.129300
2941 16.079400
2942 15.593000
2943 16.098900
2944 16.150300
2945 15.444000
2946 16.114000
2947 17.219100
2948 15.545000
2949 16.125800
2950 16.168300
2951 15.515100
2952 16.204300
2953 16.166700
2954 15.574500
2955 16.112900
2956 16.206700
2957 15.511900
2958 16.136500
2959 16.112700
2960 15.589100
2961 16.091000
2962 16.227700
2963 15.477500
2964 16.258800
2965 16.176600
2966 15.622100
2967 16.148600
2968 16.211300
2969 15.563100
2970 16.247300
2971 16.161500
2972 15.659700
2973 16.128600
2974 16.191900
2975 15.570200
2976 16.203400
2977 16.142500
2978 15.581400
2979 16.126800
2980 16.374000
2981 15.638600
2982 16.229300
2983 16.136100
2984 15.605900
2985 16.181400
2986 15.591500
2987 15.545300
2988 16.185500
2989 16.064400
2990 15.613000
2991 16.111100
2992 16.099800
2993 15.749900
2994 16.048200
2995 15.859400
2996 15.500200
2997 16.002100
2998 16.176800
2999 15.297500
3000 16.108200
3001 16.002400
3002 15.659600
3003 16.094600
3004 16.118200
3005 15.427800
3006 15.966300
3007 15.940200
3008 15.473800
3009 16.069800
3010 15.984500
3011 15.453700
3012 16.148600
3013 16.120500
3014 15.533600
3015 16.071800
3016 15.935800
3017 15.433400
3018 16.013700
3019 15.987000
3020 15.423200
3021 16.022500
3022 16.172200
3023 15.475900
3024 16.082500
3025 16.101200
3026 15.547900
3027 16.083800
3028 16.182900
3029 15.511800
3030 16.211000
3031 16.079200
3032 15.450600
3033 15.965800
3034 16.041200
3035 15.421000
3036 15.614100
3037 15.995100
3038 15.350000
3039 15.844300
3040 15.940700
3041 15.357700
3042 16.183200
3043 16.343100
3044 15.396500
3045 16.041600
3046 16.214400
3047 15.605600
3048 16.208200
3049 16.112100
3050 15.675000
3051 16.584000
3052 16.748800
3053 16.428500
3054 16.259500
3055 16.026600
3056 15.588400
3057 16.169600
3058 16.248200
3059 15.476700
3060 16.201700
3061 16.132200
3062 15.587800
3063 16.074800
3064 16.210700
3065 15.513200
3066 16.084900
3067 15.921200
3068 15.477600
3069 15.963000
3070 16.165800
3071 15.301300
3072 16.089100
3073 15.842500
3074 15.352400
3075 16.024900
3076 16.020900
3077 15.462000
3078 15.969500
3079 16.079100
3080 15.623900
3081 16.122600
3082 16.220200
3083 15.519800
3084 16.042300
3085 15.950300
3086 15.397900
3087 15.340600
3088 15.913700
3089 15.396700
3090 16.071200
3091 15.968300
3092 15.383000
3093 16.132500
3094 16.143200
3095 15.303000
3096 16.026700
3097 15.857000
3098 15.352700
3099 16.123500
3100 16.085700
3101 15.691900
3102 16.268200
3103 16.214900
3104 15.782400
3105 15.916800
3106 16.190400
3107 15.509900
3108 16.133700
3109 16.045700
3110 15.564500
3111 15.959100
3112 15.998400
3113 15.342800
3114 15.947500
3115 15.938500
3116 15.514600
3117 15.945200
3118 15.968600
3119 15.379300
3120 15.918800
3121 16.703900
3122 15.636500
3123 16.096400
3124 16.051400
3125 15.472400
3126 16.163700
3127 16.033600
3128 15.579300
3129 16.017400
3130 16.267200
3131 15.463700
3132 16.151600
3133 15.978400
3134 16.201600
3135 16.040600
3136 16.206100
3137 15.489900
3138 16.252700
3139 16.137300
3140 15.622500
3141 16.221800
3142 16.316400
3143 15.847600
3144 16.098600
3145 16.201200
3146 15.656700
3147 16.268600
3148 16.272700
3149 15.677100
3150 16.294400
3151 16.187200
3152 15.671300
3153 16.219900
3154 16.374500
3155 15.643900
3156 16.095800
3157 16.021400
3158 15.415800
3159 16.115500
3160 16.187100
3161 15.601600
3162 16.292500
3163 16.172700
3164 15.601500
3165 16.159000
3166 16.048400
3167 15.455000
3168 16.033600
3169 15.899800
3170 15.427600
3171 16.055900
3172 16.230500
3173 15.429000
3174 16.287000
3175 16.057000
3176 15.676300
3177 16.153700
3178 16.237400
3179 15.519000
3180 16.251700
3181 16.140200
3182 15.667500
3183 16.170400
3184 16.291000
3185 15.441600
3186 16.163400
3187 15.581500
3188 15.633200
3189 16.126700
3190 16.222200
3191 15.547800
3192 16.206900
3193 16.271800
3194 15.976500
3195 16.119300
3196 16.221600
3197 15.568100
3198 16.236300
3199 16.206800
3200 15.591100
3201 16.114000
3202 16.263700
3203 15.511600
3204 16.258100
3205 16.388000
3206 15.640400
3207 16.192100
3208 16.393300
3209 15.710000
3210 16.409000
3211 16.291600
3212 15.774600
3213 16.272100
3214 16.316800
3215 15.734600
3216 16.340100
3217 16.293400
3218 15.711400
3219 16.226900
3220 16.294600
3221 15.730500
3222 16.351300
3223 16.248200
3224 15.726400
3225 16.241800
3226 16.324700
3227 15.546500
3228 16.162400
3229 16.080600
3230 15.633100
3231 16.263300
3232 16.879600
3233 15.585600
3234 16.429800
3235 16.069100
3236 15.832400
3237 15.479300
3238 16.337200
3239 15.500700
3240 16.233000
3241 16.127000
3242 15.624100
3243 16.274200
3244 16.210400
3245 15.510200
3246 16.188800
3247 16.149400
3248 15.701500
3249 16.161100
3250 16.241500
3251 15.518300
3252 16.210500
3253 16.845300
3254 15.704900
3255 16.134500
3256 16.157100
3257 15.569600
3258 16.099800
3259 16.238800
3260 15.470700
3261 16.133700
3262 16.265300
3263 15.697600
3264 16.212500
3265 16.280400
3266 15.675900
3267 16.618100
3268 16.254800
3269 15.580900
3270 16.227000
3271 16.254000
3272 15.744000
3273 16.224100
3274 16.271300
3275 15.538000
3276 16.236400
3277 16.231100
3278 15.635800
3279 16.112000
3280 16.262200
3281 15.532500
3282 16.243400
3283 16.245400
3284 15.666500
3285 16.116700
3286 16.266300
3287 15.641600
3288 16.327300
3289 16.087100
3290 15.548500
3291 16.159600
3292 16.270700
3293 15.702800
3294 16.248000
3295 16.155800
3296 15.603200
3297 16.139800
3298 16.223700
3299 15.615900
3300 16.257200
3301 16.203400
3302 15.685500
3303 16.157300
3304 16.454100
3305 15.596300
3306 16.307200
3307 16.146100
3308 15.595400
3309 16.220300
3310 16.230700
3311 15.607100
3312 16.254800
3313 16.182100
3314 15.633900
3315 16.214000
3316 16.223200
3317 16.090000
3318 16.289100
3319 16.155700
3320 16.319400
3321 16.121100
3322 16.164300
3323 15.516300
3324 15.987800
3325 16.129200
3326 15.539600
3327 16.100900
3328 16.173600
3329 15.518000
3330 16.177000
3331 16.165200
3332 15.528900
3333 16.219800
3334 16.294500
3335 15.658600
3336 16.288800
3337 16.046900
3338 15.693200
3339 16.163400
3340 16.304200
3341 15.642100
3342 16.119600
3343 16.559500
3344 15.629300
3345 16.041300
3346 16.266300
3347 15.606600
3348 16.292600
3349 16.313300
3350 15.672000
3351 16.202200
3352 16.426300
3353 15.667300
3354 16.504300
3355 16.240300
3356 15.755400
3357 16.249400
3358 16.313000
3359 15.626900
3360 16.374200
3361 16.174200
3362 15.579200
3363 16.188700
3364 16.120000
3365 15.599700
3366 16.326700
3367 16.211100
3368 15.771800
3369 16.264800
3370 16.368000
3371 15.682100
3372 16.313400
3373 16.944200
3374 15.755300
3375 16.674900
3376 16.343500
3377 15.779400
3378 16.436300
3379 16.282900
3380 15.800900
3381 16.174200
3382 16.401300
3383 15.714300
3384 16.548200
3385 16.853800
3386 15.820400
3387 16.288900
3388 15.831000
3389 15.679400
3390 16.403700
3391 16.135900
3392 15.589600
3393 16.447100
3394 16.303900
3395 15.635700
3396 16.370600
3397 16.335400
3398 15.761600
3399 16.407900
3400 16.479500
3401 15.715300
3402 16.255000
3403 16.366800
3404 16.432400
3405 16.428500
3406 16.469700
3407 15.751200
3408 16.345600
3409 16.435000
3410 15.775500
3411 16.315000
3412 16.482900
3413 15.735500
3414 16.418100
3415 16.390500
3416 15.682100
3417 16.115900
3418 16.272200
3419 15.745700
3420 16.207400
3421 16.258000
3422 15.746000
3423 16.141500
3424 16.270600
3425 15.626400
3426 16.237600
3427 16.117700
3428 15.546000
3429 16.184700
3430 16.212300
3431 15.555400
3432 16.240300
3433 16.104300
3434 15.740400
3435 16.125900
3436 16.098300
3437 15.441000
3438 16.680600
3439 15.555400
3440 15.629400
3441 16.307700
3442 16.238800
3443 16.085400
3444 16.340700
3445 16.371600
3446 15.848400
3447 16.414100
3448 16.462300
3449 15.954200
3450 16.436400
3451 16.273200
3452 15.763100
3453 16.243400
3454 16.335100
3455 15.723600
3456 17.054800
3457 16.387600
3458 15.857800
3459 16.318100
3460 16.464800
3461 15.726600
3462 16.422600
3463 16.365200
3464 15.823500
3465 16.394600
3466 16.623700
3467 15.827500
3468 16.466600
3469 16.399500
3470 15.808300
3471 16.410200
3472 16.509900
3473 15.785300
3474 16.438800
3475 16.303800
3476 15.722800
3477 16.416000
3478 16.351700
3479 15.763300
3480 16.431700
3481 16.315500
3482 15.845700
3483 16.375000
3484 16.486300
3485 15.746100
3486 16.415200
3487 16.327300
3488 15.771500
3489 16.354900
3490 15.937300
3491 15.913700
3492 16.488400
3493 16.493900
3494 15.869200
3495 16.009100
3496 16.405800
3497 15.687500
3498 16.442100
3499 16.460300
3500 15.918600
3501 17.024400
3502 16.517300
3503 15.822400
3504 16.437600
3505 16.421100
3506 15.887900
3507 16.399500
3508 16.474100
3509 15.863300
3510 16.480600
3511 16.393700
3512 15.886400
3513 16.399800
3514 16.425800
3515 15.793200
3516 16.461600
3517 16.350300
3518 15.878200
3519 16.467500
3520 16.419400
3521 15.764400
3522 16.468500
3523 16.401400
3524 15.825800
3525 16.350600
3526 16.470500
3527 15.790000
3528 16.506700
3529 16.327400
3530 15.871200
3531 16.375400
3532 16.455700
3533 15.705600
3534 16.553200
3535 17.077000
3536 15.838800
3537 16.391400
3538 16.428200
3539 15.784200
3540 16.528000
3541 15.662200
3542 15.840900
3543 16.903100
3544 16.457300
3545 16.707400
3546 16.302100
3547 16.360400
3548 15.668900
3549 16.491400
3550 16.333100
3551 15.827100
3552 16.429700
3553 16.334500
3554 16.080800
3555 16.381900
3556 16.441800
3557 15.809800
3558 16.478700
3559 16.341800
3560 16.028700
3561 16.206000
3562 16.485200
3563 15.653000
3564 16.300000
3565 16.321800
3566 15.797800
3567 16.358100
3568 16.468900
3569 15.720300
3570 16.451100
3571 16.296300
3572 15.692900
3573 16.451600
3574 16.219100
3575 15.815600
3576 16.414200
3577 16.349500
3578 15.834200
3579 16.456700
3580 16.465100
3581 15.767100
3582 16.499600
3583 16.354000
3584 15.866500
3585 16.359900
3586 16.459100
3587 15.751200
3588 16.423500
3589 16.272100
3590 15.820100
3591 15.723800
3592 16.626300
3593 15.815400
3594 16.418500
3595 16.313300
3596 15.795700
3597 16.343600
3598 16.394000
3599 15.777500
3600 16.430000
3601 16.298400
3602 15.822600
3603 16.282600
3604 16.549900
3605 15.703400
3606 16.348400
3607 16.361400
3608 15.702600
3609 16.255300
3610 16.379500
3611 15.843200
3612 16.342700
3613 16.365000
3614 15.693400
3615 16.389800
3616 16.428800
3617 15.750400
3618 16.479500
3619 16.341200
3620 15.843800
3621 16.342000
3622 16.496900
3623 15.813400
3624 16.430900
3625 16.374600
3626 15.844600
3627 16.370900
3628 16.530100
3629 15.836800
3630 16.590500
3631 16.473200
3632 15.865500
3633 16.372900
3634 16.527600
3635 15.783700
3636 16.431400
3637 16.381000
3638 15.795400
3639 16.296200
3640 16.432100
3641 15.829000
3642 16.209600
3643 16.415300
3644 16.327000
3645 16.260000
3646 16.462300
3647 15.731300
3648 16.373400
3649 16.418100
3650 15.784000
3651 16.306300
3652 16.472400
3653 15.732000
3654 16.527900
3655 16.343000
3656 15.739600
3657 16.305400
3658 16.852200
3659 15.918200
3660 16.515900
3661 16.410200
3662 15.988200
3663 16.497100
3664 16.610100
3665 15.848000
3666 16.528300
3667 16.554700
3668 15.960500
3669 16.409400
3670 16.579500
3671 15.805700
3672 16.474600
3673 16.393600
3674 15.854600
3675 16.397400
3676 16.734000
3677 15.860700
3678 16.456500
3679 16.345600
3680 15.837600
3681 16.378000
3682 16.549800
3683 15.796800
3684 16.509100
3685 16.404600
3686 15.851100
3687 16.463800
3688 16.509500
3689 15.783600
3690 16.463600
3691 16.600200
3692 15.977100
3693 16.560100
3694 16.573300
3695 15.882500
3696 16.454500
3697 16.417900
3698 15.808900
3699 16.471600
3700 16.405500
3701 15.837800
3702 16.563700
3703 16.461000
3704 15.945900
3705 16.480600
3706 16.523300
3707 15.849600
3708 16.459200
3709 16.501800
3710 15.962500
3711 16.414400
3712 16.486900
3713 15.841300
3714 16.531200
3715 16.508000
3716 15.940900
3717 16.386600
3718 16.494500
3719 15.835000
3720 16.513100
3721 16.491900
3722 15.920700
3723 16.516000
3724 16.523200
3725 15.761100
3726 16.474700
3727 16.366900
3728 16.050300
3729 16.299300
3730 16.441000
3731 15.747200
3732 16.470600
3733 16.358500
3734 15.783600
3735 16.432500
3736 16.980900
3737 15.632300
3738 16.326600
3739 16.256100
3740 15.687200
3741 16.119000
3742 15.522300
3743 16.102100
3744 16.292000
3745 16.249600
3746 15.773900
3747 16.359800
3748 16.367600
3749 15.905400
3750 16.437200
3751 16.447300
3752 15.906500
3753 16.448200
3754 16.478200
3755 15.749900
3756 16.428100
3757 16.291800
3758 15.735600
3759 16.217600
3760 16.398500
3761 15.799300
3762 16.400300
3763 16.225500
3764 15.803200
3765 16.279700
3766 16.328400
3767 16.388300
3768 16.368200
3769 16.302600
3770 15.753300
3771 16.289300
3772 16.329700
3773 15.728000
3774 16.832600
3775 16.278700
3776 15.581700
3777 16.044500
3778 16.243000
3779 15.593800
3780 16.194900
3781 16.800600
3782 15.643800
3783 16.087400
3784 16.349500
3785 15.679200
3786 16.483900
3787 16.326200
3788 15.748100
3789 16.233500
3790 16.358000
3791 15.609100
3792 16.291000
3793 15.678200
3794 15.690200
3795 16.380600
3796 16.423200
3797 15.683400
3798 16.428900
3799 16.399700
3800 15.689100
3801 16.264200
3802 16.746000
3803 15.744900
3804 16.628200
3805 16.614300
3806 15.771800
3807 16.323800
3808 16.391700
3809 15.684700
3810 16.356500
3811 16.162500
3812 15.559400
3813 16.269500
3814 16.243900
3815 15.749700
3816 16.311500
3817 17.122800
3818 15.980700
3819 16.395300
3820 16.527700
3821 15.908000
3822 16.625100
3823 16.633600
3824 16.233900
3825 16.627200
3826 16.708600
3827 15.838100
3828 16.312800
3829 16.224000
3830 15.659400
3831 16.184500
3832 16.788400
3833 15.654700
3834 17.300300
3835 16.314300
3836 15.929500
3837 16.445800
3838 16.622000
3839 15.787400
3840 17.149900
3841 16.350900
3842 15.775500
3843 15.956200
3844 16.320600
3845 15.744200
3846 16.493700
3847 16.660000
3848 15.864900
3849 16.423700
3850 16.484700
3851 15.825500
3852 16.399300
3853 16.368100
3854 15.980800
3855 16.361800
3856 16.435600
3857 15.711500
3858 16.363400
3859 16.213800
3860 15.736600
3861 16.094100
3862 16.483200
3863 15.515000
3864 16.175700
3865 16.124000
3866 15.774300
3867 16.044700
3868 17.027300
3869 15.648600
3870 16.532200
3871 16.314000
3872 15.802500
3873 16.306700
3874 16.462800
3875 15.734200
3876 16.257500
3877 16.366800
3878 15.729500
3879 16.203400
3880 16.316600
3881 15.675200
3882 16.400700
3883 16.310500
3884 15.797600
3885 16.342600
3886 16.383500
3887 15.786600
3888 16.541800
3889 16.222000
3890 15.738700
3891 16.317200
3892 16.357000
3893 15.842500
3894 15.805300
3895 16.317300
3896 15.855600
3897 16.335800
3898 16.378100
3899 15.677900
3900 16.362100
3901 16.234200
3902 15.774500
3903 16.277800
3904 16.513500
3905 15.669000
3906 16.283900
3907 16.255100
3908 15.796700
3909 16.218900
3910 16.528500
3911 15.638900
3912 16.338700
3913 16.292300
3914 15.715400
3915 16.238200
3916 16.280000
3917 15.784800
3918 16.466500
3919 16.326400
3920 15.792600
3921 16.133700
3922 16.324800
3923 15.639700
3924 16.380700
3925 16.144400
3926 15.731200
3927 16.234100
3928 16.292200
3929 15.613000
3930 16.273800
3931 16.166900
3932 15.704700
3933 16.178100
3934 16.343900
3935 15.616200
3936 16.282100
3937 16.165500
3938 16.428800
3939 16.267000
3940 16.234600
3941 15.382900
3942 16.106100
3943 16.398500
3944 15.576600
3945 16.171000
3946 16.382500
3947 15.697500
3948 16.295900
3949 16.310800
3950 15.745900
3951 16.252200
3952 16.302500
3953 15.507100
3954 16.189400
3955 16.252600
3956 15.666700
3957 16.143000
3958 16.264100
3959 15.444900
3960 16.317000
3961 16.053100
3962 15.581600
3963 16.028800
3964 16.274800
3965 15.420300
3966 16.276300
3967 16.011900
3968 15.590900
3969 16.143500
3970 16.271000
3971 15.558500
3972 16.328900
3973 16.114800
3974 16.004500
3975 16.316700
3976 15.688700
3977 15.761200
3978 15.663300
3979 15.583400
3980 15.738500
3981 15.591900
3982 15.756000
3983 15.816200
3984 15.496900
3985 15.424000
3986 15.710700
3987 15.566600
3988 15.662400
3989 15.692200
3990 15.666400
3991 15.486400
3992 15.557100
3993 15.718100
3994 15.651700
3995 15.679400
3996 15.672700
3997 15.620000
3998 15.721400
3999 15.677400
4000 15.636200
4001 16.122100
4002 15.498900
4003 15.398700
4004 15.573700
4005 15.342700
4006 15.439300
4007 15.287500
4008 15.456800
4009 15.409100
4010 15.526200
4011 15.284700
4012 15.420700
4013 15.380400
4014 15.451800
4015 15.407500
4016 15.492900
4017 15.344300
4018 15.432300
4019 15.419100
4020 15.427700
4021 15.332100
4022 15.511700
4023 15.397000
4024 15.555100
4025 15.391600
4026 15.410500
4027 15.329300
4028 15.544300
4029 15.361600
4030 15.571200
4031 15.371600
4032 15.565000
4033 15.350300
4034 15.628100
4035 15.341400
4036 15.533700
4037 15.548200
4038 15.621000
4039 15.437100
4040 15.624000
4041 15.489200
4042 15.547800
4043 15.644100
4044 15.568600
4045 15.375600
4046 15.527300
4047 15.406700
4048 15.470300
4049 15.611800
4050 15.498900
4051 15.402000
4052 15.499800
4053 15.564100
4054 15.823600
4055 15.465800
4056 15.542400
4057 15.446600
4058 15.546100
4059 15.421000
4060 15.539800
4061 15.407200
4062 15.461000
4063 15.293400
4064 15.374900
4065 15.554300
4066 15.490600
4067 15.505300
4068 15.494100
4069 15.427400
4070 16.091400
4071 15.462800
4072 15.586900
4073 15.469900
4074 15.477800
4075 15.443900
4076 15.721200
4077 16.185900
4078 15.719100
4079 15.643000
4080 15.700900
4081 15.572100
4082 15.821700
4083 15.515800
4084 15.595600
4085 15.618800
4086 15.614800
4087 15.517600
4088 15.749600
4089 15.449100
4090 15.615000
4091 15.568100
4092 15.535300
4093 15.655300
4094 15.590200
4095 15.481400
4096 15.503400
4097 15.479700
4098 15.534600
4099 16.322700
4100 15.569500
4101 15.706200
4102 15.544700
4103 15.536900
4104 15.618000
4105 15.499200
4106 15.543600
4107 15.423400
4108 15.514200
4109 15.511600
4110 15.500000
4111 15.382700
4112 15.449600
4113 15.340300
4114 15.805000
4115 15.801300
4116 15.579800
4117 15.468800
4118 15.611100
4119 15.417900
4120 15.557200
4121 15.587900
4122 15.391500
4123 15.378200
4124 15.380600
4125 15.278000
4126 15.484700
4127 15.575700
4128 15.505900
4129 15.413200
4130 15.552900
4131 15.354300
4132 15.531700
4133 15.495800
4134 15.494800
4135 15.355800
4136 15.527100
4137 15.409200
4138 15.429000
4139 15.402100
4140 15.426000
4141 15.427600
4142 15.545600
4143 15.419100
4144 15.455900
4145 15.472900
4146 15.524700
4147 15.405300
4148 15.495100
4149 15.368800
4150 15.512000
4151 15.761900
4152 15.463800
4153 15.369000
4154 15.597900
4155 15.448900
4156 15.412400
4157 15.387700
4158 15.405900
4159 15.267000
4160 15.430100
4161 15.388100
4162 15.475200
4163 15.338600
4164 15.383800
4165 15.303400
4166 15.487200
4167 15.413900
4168 15.430400
4169 15.446900
4170 15.438800
4171 15.304800
4172 15.594200
4173 15.320200
4174 15.449400
4175 15.415800
4176 15.305800
4177 15.165300
4178 15.389700
4179 15.300900
4180 15.346700
4181 15.140900
4182 15.383900
4183 15.226800
4184 15.461200
4185 15.175700
4186 15.426300
4187 15.410100
4188 15.390500
4189 15.346700
4190 15.302600
4191 15.317100
4192 15.461100
4193 15.425500
4194 15.419700
4195 15.264500
4196 15.367800
4197 15.312600
4198 15.315600
4199 15.414500
4200 15.384200
4201 15.263900
4202 15.521100
4203 15.276800
4204 15.430800
4205 15.524200
4206 15.498300
4207 15.440100
4208 15.568800
4209 15.417200
4210 15.625400
4211 15.510300
4212 15.547300
4213 15.369000
4214 15.510800
4215 15.384600
4216 15.954800
4217 15.347300
4218 16.198900
4219 15.431300
4220 15.402900
4221 15.380000
4222 15.572700
4223 15.472800
4224 15.502600
4225 15.396400
4226 15.512800
4227 15.502800
4228 15.503500
4229 15.517400
4230 15.518500
4231 15.426800
4232 15.555800
4233 15.449200
4234 15.527900
4235 15.798900
4236 15.450100
4237 15.383300
4238 15.381300
4239 15.304000
4240 15.245000
4241 15.391400
4242 15.474500
4243 15.761200
4244 15.510500
4245 15.348000
4246 15.405500
4247 15.468200
4248 15.362900
4249 15.301000
4250 15.404200
4251 15.307700
4252 15.410000
4253 15.287600
4254 15.434900
4255 15.286100
4256 15.219700
4257 15.172800
4258 15.303500
4259 15.305200
4260 15.299800
4261 15.057400
4262 15.237100
4263 15.147000
4264 15.281700
4265 15.355700
4266 15.208700
4267 15.222300
4268 15.251300
4269 15.047700
4270 15.272700
4271 15.128400
4272 15.304900
4273 15.225600
4274 15.332900
4275 15.075600
4276 15.282700
4277 15.291900
4278 15.303300
4279 15.242100
4280 15.313600
4281 15.145700
4282 15.324000
4283 15.269700
4284 15.307100
4285 15.261200
4286 15.332700
4287 15.167100
4288 15.269400
4289 15.272600
4290 15.228800
4291 15.195100
4292 15.308600
4293 15.283700
4294 15.300400
4295 15.201900
4296 15.275800
4297 15.146400
4298 15.298900
4299 15.270200
4300 15.276800
4301 15.112300
4302 15.221000
4303 15.083200
4304 15.614000
4305 15.081500
4306 15.220100
4307 15.165700
4308 15.240700
4309 15.073000
4310 15.214200
4311 15.040100
4312 15.293200
4313 15.108400
4314 15.250800
4315 15.090100
4316 15.190800
4317 15.075000
4318 15.123700
4319 15.186000
4320 15.189700
4321 14.922000
4322 15.111500
4323 15.001200
4324 15.124200
4325 15.262100
4326 15.198500
4327 15.336800
4328 15.340700
4329 15.076500
4330 15.015200
4331 15.141500
4332 15.157100
4333 15.049800
4334 15.604100
4335 15.053100
4336 15.203400
4337 15.136700
4338 15.132400
4339 15.051500
4340 15.177300
4341 14.919400
4342 15.133200
4343 15.179000
4344 15.101600
4345 14.892900
4346 15.113300
4347 15.142200
4348 15.110200
4349 15.358400
4350 15.302200
4351 15.453700
4352 15.200800
4353 15.171900
4354 15.195800
4355 15.202100
4356 15.072300
4357 15.063800
4358 15.582900
4359 15.029600
4360 15.147200
4361 15.124700
4362 15.082900
4363 15.010800
4364 15.206000
4365 15.033100
4366 15.098500
4367 15.167400
4368 15.097600
4369 15.051300
4370 15.543400
4371 15.047900
4372 15.151700
4373 15.106200
4374 15.119600
4375 15.106900
4376 15.074500
4377 14.920600
4378 14.995800
4379 15.026700
4380 15.210700
4381 14.957200
4382 15.260900
4383 14.896000
4384 15.045600
4385 15.013400
4386 15.190900
4387 15.038300
4388 15.169400
4389 15.022700
4390 15.105400
4391 15.094200
4392 15.189400
4393 15.211300
4394 15.255000
4395 15.086700
4396 15.184800
4397 15.223000
4398 15.218900
4399 15.207500
4400 15.303900
4401 15.056100
4402 15.183200
4403 15.125900
4404 15.232500
4405 15.138300
4406 15.186200
4407 15.092500
4408 15.165700
4409 15.477800
4410 15.233300
4411 15.061700
4412 15.123300
4413 14.952900
4414 15.114600
4415 15.184200
4416 14.857600
4417 14.840400
4418 15.065300
4419 14.851200
4420 15.033800
4421 14.943700
4422 15.077600
4423 14.845500
4424 15.116400
4425 14.956900
4426 15.049100
4427 15.106500
4428 15.145600
4429 15.041500
4430 15.099600
4431 15.123600
4432 15.163600
4433 15.459000
4434 15.128000
4435 15.087500
4436 15.095700
4437 15.168800
4438 15.254800
4439 15.180100
4440 15.345600
4441 14.992400
4442 15.162500
4443 15.212200
4444 15.163500
4445 15.234800
4446 15.141200
4447 15.044600
4448 15.162700
4449 15.034500
4450 15.140200
4451 15.013800
4452 15.078200
4453 14.977600
4454 15.157700
4455 15.034800
4456 15.783400
4457 15.154100
4458 15.127800
4459 15.125700
4460 15.066000
4461 14.948100
4462 15.119100
4463 15.035500
4464 15.140500
4465 14.975300
4466 15.123100
4467 15.000800
4468 15.025900
4469 15.049800
4470 15.115800
4471 14.763300
4472 14.846900
4473 15.272500
4474 15.189400
4475 15.291200
4476 15.193100
4477 15.079900
4478 15.201900
4479 15.069000
4480 15.177200
4481 15.004300
4482 15.213600
4483 14.927200
4484 14.873400
4485 14.806000
4486 15.135600
4487 14.976200
4488 15.006000
4489 14.922700
4490 15.078900
4491 15.189300
4492 15.118300
4493 15.036000
4494 14.965900
4495 14.787000
4496 15.106300
4497 14.976100
4498 15.007600
4499 15.028900
4500 15.068100
4501 14.934900
4502 14.898600
4503 14.851200
4504 14.816900
4505 14.996500
4506 14.983000
4507 14.863000
4508 15.097300
4509 14.733400
4510 14.944700
4511 14.965100
4512 15.060700
4513 14.907000
4514 15.032000
4515 14.947000
4516 15.047000
4517 14.926700
4518 14.916100
4519 15.579800
4520 15.068300
4521 14.885100
4522 15.004100
4523 14.924600
4524 14.988800
4525 14.905400
4526 15.685900
4527 14.939000
4528 14.941000
4529 14.973900
4530 15.019400
4531 14.887200
4532 15.065400
4533 14.896200
4534 14.978600
4535 15.034100
4536 15.006700
4537 14.946000
4538 15.035700
4539 14.892900
4540 14.977200
4541 15.016600
4542 15.011200
4543 14.971600
4544 14.961900
4545 14.955400
4546 14.851900
4547 14.896100
4548 14.863600
4549 14.829100
4550 14.907000
4551 14.793300
4552 14.827900
4553 14.849500
4554 14.826500
4555 14.863000
4556 14.925700
4557 14.672800
4558 14.867100
4559 14.631800
4560 15.005200
4561 14.858300
4562 15.490000
4563 14.982900
4564 14.888600
4565 14.960100
4566 14.973500
4567 14.900600
4568 15.078200
4569 14.841000
4570 15.008400
4571 14.779900
4572 14.903000
4573 14.680300
4574 14.813400
4575 14.707700
4576 14.922100
4577 14.908000
4578 14.898300
4579 14.879100
4580 14.924100
4581 14.843100
4582 14.843400
4583 14.721700
4584 15.256100
4585 14.868100
4586 15.025900
4587 14.861200
4588 15.056400
4589 14.996600
4590 15.195900
4591 15.474300
4592 15.011500
4593 15.131700
4594 14.895100
4595 14.997100
4596 15.044900
4597 15.625300
4598 15.227200
4599 14.921800
4600 15.009300
4601 14.989000
4602 14.837900
4603 14.784700
4604 14.870100
4605 15.448700
4606 15.099300
4607 15.124000
4608 14.995900
4609 14.869300
4610 15.020000
4611 14.927500
4612 14.924100
4613 14.875600
4614 14.768000
4615 14.809500
4616 14.921600
4617 14.852200
4618 15.034200
4619 14.888200
4620 15.025000
4621 14.787800
4622 14.991600
4623 14.801100
4624 15.015500
4625 14.972400
4626 15.059200
4627 14.940700
4628 15.051400
4629 15.128900
4630 15.144000
4631 15.002800
4632 14.933200
4633 14.970200
4634 14.924000
4635 14.955100
4636 15.002700
4637 15.059300
4638 14.966200
4639 14.972500
4640 14.996500
4641 15.162800
4642 15.160500
4643 15.217600
4644 15.077700
4645 14.951500
4646 15.028900
4647 14.960300
4648 14.882200
4649 15.637200
4650 15.060500
4651 14.659000
4652 15.283100
4653 14.713000
4654 14.968500
4655 15.751100
4656 14.949500
4657 14.833800
4658 15.012500
4659 15.214000
4660 14.880100
4661 14.891300
4662 14.908400
4663 14.838600
4664 15.081800
4665 14.914500
4666 15.008100
4667 15.004600
4668 14.929300
4669 14.834400
4670 14.966200
4671 14.770100
4672 14.891400
4673 14.833400
4674 14.880100
4675 14.823200
4676 14.812000
4677 14.685900
4678 14.792100
4679 14.650800
4680 14.774100
4681 14.706500
4682 14.917400
4683 14.548800
4684 14.781000
4685 14.629100
4686 14.775600
4687 14.676800
4688 14.812100
4689 14.557900
4690 14.799100
4691 15.513600
4692 14.882400
4693 15.015300
4694 14.817700
4695 14.794100
4696 15.605100
4697 15.032100
4698 14.929700
4699 14.932700
4700 15.003000
4701 14.845700
4702 15.247000
4703 14.897500
4704 14.879700
4705 14.812000
4706 14.960300
4707 14.834700
4708 14.940600
4709 14.872800
4710 14.965500
4711 14.774300
4712 14.837000
4713 14.879800
4714 14.790200
4715 14.862200
4716 14.921200
4717 14.690500
4718 14.642900
4719 14.556200
4720 14.385500
4721 14.290000
4722 14.340600
4723 14.602500
4724 14.989600
4725 16.804800
4726 16.892200
4727 16.816800
4728 16.848200
4729 16.776300
4730 16.950600
4731 17.006500
4732 16.744700
4733 16.653900
4734 16.670300
4735 16.665000
4736 16.705700
4737 16.542800
4738 16.543400
4739 17.267700
4740 16.578500
4741 16.585300
4742 16.660800
4743 16.611500
4744 16.566400
4745 16.558400
4746 16.544800
4747 16.628400
4748 16.653600
4749 16.586300
4750 16.599600
4751 16.502100
4752 16.573100
4753 16.530500
4754 16.711200
4755 16.606700
4756 16.659300
4757 16.580800
4758 16.583700
4759 16.185900
4760 16.096400
4761 16.014100
4762 16.279700
4763 16.286500
4764 16.085100
4765 16.014100
4766 16.158900
4767 16.079500
4768 16.201500
4769 15.767800
4770 15.816600
4771 15.630300
4772 15.762900
4773 15.623300
4774 15.648700
4775 15.653200
4776 15.626100
4777 15.612000
4778 15.718100
4779 15.529700
4780 15.625600
4781 15.563400
4782 13.661900
4783 13.593900
4784 13.720600
4785 13.416200
4786 13.533000
4787 13.523900
4788 13.504100
4789 13.443700
4790 13.517300
4791 14.042000
4792 13.543100
4793 13.526000
4794 13.543900
4795 13.418700
4796 13.640400
4797 13.434200
4798 13.435900
4799 13.613500
4800 13.417800
4801 13.242000
4802 13.435000
4803 13.297400
4804 13.459400
4805 14.079000
4806 13.409200
4807 13.339100
4808 13.452000
4809 13.297700
4810 13.412400
4811 13.225800
4812 13.266400
4813 13.151100
4814 13.248900
4815 13.238300
4816 13.502500
4817 13.265700
4818 13.181400
4819 13.129300
4820 13.172000
4821 13.102200
4822 13.191100
4823 13.196700
4824 13.151100
4825 13.085300
4826 13.263600
4827 13.017600
4828 13.163500
4829 13.120000
4830 13.696400
4831 13.104700
4832 13.412400
4833 13.404800
4834 13.343100
4835 13.314400
4836 13.276000
4837 13.299400
4838 13.246900
4839 13.145200
4840 13.157700
4841 13.290000
4842 13.253200
4843 13.262200
4844 13.241500
4845 13.063400
4846 13.254800
4847 13.287700
4848 13.206800
4849 13.204000
4850 13.334700
4851 13.230800
4852 13.360500
4853 13.145700
4854 13.284400
4855 13.290800
4856 13.244300
4857 13.081900
4858 13.162200
4859 13.104400
4860 13.202500
4861 12.897800
4862 13.102300
4863 12.881100
4864 12.982600
4865 13.047100
4866 13.076600
4867 12.798600
4868 13.090300
4869 12.935400
4870 13.100200
4871 12.874700
4872 13.317900
4873 13.065600
4874 12.929200
4875 13.171400
4876 13.302900
4877 13.139700
4878 13.242100
4879 13.173400
4880 13.111800
4881 13.158900
4882 13.254200
4883 13.140300
4884 13.306300
4885 13.165600
4886 13.097500
4887 13.119100
4888 13.201700
4889 13.050200
4890 13.243400
4891 13.135400
4892 13.129600
4893 13.222800
4894 13.306400
4895 13.025700
4896 13.248500
4897 13.808200
4898 13.196100
4899 13.102100
4900 13.334100
4901 12.838400
4902 13.188700
4903 13.049300
4904 12.950000
4905 13.097400
4906 13.252000
4907 12.937800
4908 13.093700
4909 12.981900
4910 12.872700
4911 13.070600
4912 13.179100
4913 12.958100
4914 13.086200
4915 13.050000
4916 13.245100
4917 13.282300
4918 13.339100
4919 12.937800
4920 13.293700
4921 13.117500
4922 13.663100
4923 13.128500
4924 13.198200
4925 12.966900
4926 13.030900
4927 12.938200
4928 13.028000
4929 12.975200
4930 13.167100
4931 12.841100
4932 13.217800
4933 12.960300
4934 12.915200
4935 12.927500
4936 13.018500
4937 12.843700
4938 13.204000
4939 12.987100
4940 12.980800
4941 13.004300
4942 13.064700
4943 12.980500
4944 13.020900
4945 12.980400
4946 13.028000
4947 13.151900
4948 13.201100
4949 13.072500
4950 13.173100
4951 12.982200
4952 12.866700
4953 12.898400
4954 13.054200
4955 13.049800
4956 12.923200
4957 12.908200
4958 12.781100
4959 12.825400
4960 12.888900
4961 12.831700
4962 13.028500
4963 12.835100
4964 12.763000
4965 12.867500
4966 13.026700
4967 12.906600
4968 13.153600
4969 12.869700
4970 12.834800
4971 12.746100
4972 13.069100
4973 12.759300
4974 12.959300
4975 12.954300
4976 12.835600
4977 13.015500
4978 12.967200
4979 12.738700
4980 12.978200
4981 12.834200
4982 12.747500
4983 12.940600
4984 12.927100
4985 12.806800
4986 12.886500
4987 12.845400
4988 12.781100
4989 12.820400
4990 12.962000
4991 12.666800
4992 13.046500
4993 12.965300
4994 13.090600
4995 12.912800
4996 13.082300
4997 12.859200
4998 13.074600
4999 13.098300
5000 12.955300
5001 13.015100
5002 13.910900
5003 12.976700
5004 13.215200
5005 13.611200
5006 13.351100
5007 12.875700
5008 13.012200
5009 12.827400
5010 13.057800
5011 12.934900
5012 12.845600
5013 12.894300
5014 13.013300
5015 12.905000
5016 13.123800
5017 12.986900
5018 12.871000
5019 12.971900
5020 13.056300
5021 12.843400
5022 13.049800
5023 12.931100
5024 12.949200
5025 12.964900
5026 12.899500
5027 12.778900
5028 12.811200
5029 12.908800
5030 12.856800
5031 12.866400
5032 12.992200
5033 12.725900
5034 12.831500
5035 12.794000
5036 12.866700
5037 12.975400
5038 13.008700
5039 12.703600
5040 12.893800
5041 12.711400
5042 12.737900
5043 13.019200
5044 12.812900
5045 12.925000
5046 12.842500
5047 12.759500
5048 12.693800
5049 13.011400
5050 12.889300
5051 12.687100
5052 12.961000
5053 12.781500
5054 12.880900
5055 13.411000
5056 12.989800
5057 12.858400
5058 13.039800
5059 13.223300
5060 12.878000
5061 12.841200
5062 12.993400
5063 12.828200
5064 12.992100
5065 12.967300
5066 12.697100
5067 12.669300
5068 12.901200
5069 13.237600
5070 13.023600
5071 12.707100
5072 12.778600
5073 12.819200
5074 12.960300
5075 12.669500
5076 13.269700
5077 12.773000
5078 12.941200
5079 13.027600
5080 13.093900
5081 12.896800
5082 13.189400
5083 12.999700
5084 12.803300
5085 12.781500
5086 12.891400
5087 12.760200
5088 12.765500
5089 12.887700
5090 12.643600
5091 12.749500
5092 13.015400
5093 12.726700
5094 12.869600
5095 12.796000
5096 12.775300
5097 12.816600
5098 12.875600
5099 12.644400
5100 13.474700
5101 12.833000
5102 12.786200
5103 12.835400
5104 12.940600
5105 12.788500
5106 12.938600
5107 12.788600
5108 12.919900
5109 12.802300
5110 12.898300
5111 12.663500
5112 12.781900
5113 12.566200
5114 12.735000
5115 12.664600
5116 12.851400
5117 12.620800
5118 12.844400
5119 12.817800
5120 12.739300
5121 12.776100
5122 12.879400
5123 12.651200
5124 12.863900
5125 12.759400
5126 12.673000
5127 12.758800
5128 12.817200
5129 12.862700
5130 12.856000
5131 12.925100
5132 12.750300
5133 12.655300
5134 13.463600
5135 12.581000
5136 12.794600
5137 12.789000
5138 12.631700
5139 12.652800
5140 12.967200
5141 12.672200
5142 12.855700
5143 12.756500
5144 12.727500
5145 12.690900
5146 12.863100
5147 12.598300
5148 12.823100
5149 12.779400
5150 12.887700
5151 12.690000
5152 12.833800
5153 12.677200
5154 12.807200
5155 12.939800
5156 12.693400
5157 12.786100
5158 12.892300
5159 12.675200
5160 12.808400
5161 12.634900
5162 12.596900
5163 12.575700
5164 12.589600
5165 12.448000
5166 12.627000
5167 12.553000
5168 12.644400
5169 12.572900
5170 12.669400
5171 12.487800
5172 12.716300
5173 12.634500
5174 12.668200
5175 12.619400
5176 12.746500
5177 12.548300
5178 12.759800
5179 12.621600
5180 12.680100
5181 12.451100
5182 12.562800
5183 12.361300
5184 12.563700
5185 12.484400
5186 12.570900
5187 12.577000
5188 12.692000
5189 12.499500
5190 12.614700
5191 12.612900
5192 12.411800
5193 12.697000
5194 12.582000
5195 12.312600
5196 12.610100
5197 12.526800
5198 12.387400
5199 12.636500
5200 12.584000
5201 12.403100
5202 12.623400
5203 12.595600
5204 12.571300
5205 12.553500
5206 12.710700
5207 12.549400
5208 12.800500
5209 12.607500
5210 12.620300
5211 12.467300
5212 12.622200
5213 12.414100
5214 12.662800
5215 12.542900
5216 12.428100
5217 12.433600
5218 12.543500
5219 12.299200
5220 12.580600
5221 12.397400
5222 12.430300
5223 12.408100
5224 12.523600
5225 12.465000
5226 12.543500
5227 12.447100
5228 12.386000
5229 12.469800
5230 12.562400
5231 12.299300
5232 12.491100
5233 12.650900
5234 12.331700
5235 12.406900
5236 12.543500
5237 12.287200
5238 12.613100
5239 12.424600
5240 12.539200
5241 12.445600
5242 12.645200
5243 12.557600
5244 12.689200
5245 12.510700
5246 12.456800
5247 12.458100
5248 12.667100
5249 12.505400
5250 12.651000
5251 12.401100
5252 12.495800
5253 12.398900
5254 12.530200
5255 12.367100
5256 12.522300
5257 12.400800
5258 12.421800
5259 12.470000
5260 12.398800
5261 12.377200
5262 12.499700
5263 12.390100
5264 12.451200
5265 12.517500
5266 12.547000
5267 12.327800
5268 12.433300
5269 12.443200
5270 12.366100
5271 12.454500
5272 12.595800
5273 12.260100
5274 12.442600
5275 12.456300
5276 12.295600
5277 12.411900
5278 12.400200
5279 12.190000
5280 12.455100
5281 12.297700
5282 12.333800
5283 12.307600
5284 12.442700
5285 12.224800
5286 12.484400
5287 12.360700
5288 12.294000
5289 12.360700
5290 12.488100
5291 12.198400
5292 12.543600
5293 12.626700
5294 12.328500
5295 12.406300
5296 12.384500
5297 12.379700
5298 12.467400
5299 12.509900
5300 12.317800
5301 12.276700
5302 12.431000
5303 12.371600
5304 12.600800
5305 13.040400
5306 12.634400
5307 12.538500
5308 12.591000
5309 12.448700
5310 12.601100
5311 12.383900
5312 12.444800
5313 12.392800
5314 13.862500
5315 15.174900
5316 12.390400
5317 12.662900
5318 12.195500
5319 12.459200
5320 12.255100
5321 15.707400
5322 12.613100
5323 12.561000
5324 12.295800
5325 12.610900
5326 12.454200
5327 12.429900
5328 12.758100
5329 12.598500
5330 12.381900
5331 12.656100
5332 12.517100
5333 12.509400
5334 12.594500
5335 12.569000
5336 12.361700
5337 14.426500
5338 12.538700
5339 12.516500
5340 12.533300
5341 12.311600
5342 12.425600
5343 12.561200
5344 12.391300
5345 12.632800
5346 12.495300
5347 12.405300
5348 12.386300
5349 12.306900
5350 12.323000
5351 12.682500
5352 12.387600
5353 12.302400
5354 12.302800
5355 12.565200
5356 12.115200
5357 12.475900
5358 12.335300
5359 12.253100
5360 12.181400
5361 12.499900
5362 12.236600
5363 12.593000
5364 12.421100
5365 12.408800
5366 12.481100
5367 12.632100
5368 12.272000
5369 12.563300
5370 12.428600
5371 12.341100
5372 12.527400
5373 12.403100
5374 12.133700
5375 12.388800
5376 12.281100
5377 12.353500
5378 12.478500
5379 15.604600
5380 12.528900
5381 15.696800
5382 12.544400
5383 12.487400
5384 12.137900
5385 12.373200
5386 12.373100
5387 12.369700
5388 12.575200
5389 12.446800
5390 12.198800
5391 12.584200
5392 12.520400
5393 13.078100
5394 12.603200
5395 12.617800
5396 12.372100
5397 12.396100
5398 12.351600
5399 12.483700
5400 12.393500
5401 12.665400
5402 12.335300
5403 12.657600
5404 12.766900
5405 12.401300
5406 12.331600
5407 12.399400
5408 12.376100
5409 12.433700
5410 12.371400
5411 12.511200
5412 12.261700
5413 12.427100
5414 12.267200
5415 12.392100
5416 12.395800
5417 12.265200
5418 12.305200
5419 12.718200
5420 12.154000
5421 12.543400
5422 12.259300
5423 12.256000
5424 12.361700
5425 12.479800
5426 12.068100
5427 12.312500
5428 12.289300
5429 12.140900
5430 12.271000
5431 12.427300
5432 12.249800
5433 12.474300
5434 12.277600
5435 12.169900
5436 12.674300
5437 12.340500
5438 12.341200
5439 12.501900
5440 12.213800
5441 12.308800
5442 12.458700
5443 12.479100
5444 12.280800
5445 12.499300
5446 13.072900
5447 12.399400
5448 12.433600
5449 13.117500
5450 12.568900
5451 12.408800
5452 12.177100
5453 12.208400
5454 12.215100
5455 12.270500
5456 12.022100
5457 12.390800
5458 12.134600
5459 12.220900
5460 12.283000
5461 12.305400
5462 12.152000
5463 12.322700
5464 12.557500
5465 12.135000
5466 12.390200
5467 12.276500
5468 12.217400
5469 12.444600
5470 12.189100
5471 12.234200
5472 12.355200
5473 12.372500
5474 12.204000
5475 12.413100
5476 12.274300
5477 12.188600
5478 12.764300
5479 12.401200
5480 12.121400
5481 12.351000
5482 12.179500
5483 12.090200
5484 12.222300
5485 12.277500
5486 11.932400
5487 12.295600
5488 12.256100
5489 12.171200
5490 12.139200
5491 12.277200
5492 12.014200
5493 12.414800
5494 12.388500
5495 12.194900
5496 12.275000
5497 12.376700
5498 12.182800
5499 12.391500
5500 12.497700
5501 12.293100
5502 12.363000
5503 12.498100
5504 12.257600
5505 12.519300
5506 12.372000
5507 12.273600
5508 12.370400
5509 12.221800
5510 12.211900
5511 12.432000
5512 12.343100
5513 12.310400
5514 12.330500
5515 12.419300
5516 12.195200
5517 12.415600
5518 12.442500
5519 12.271500
5520 12.271900
5521 12.435600
5522 12.123800
5523 12.366700
5524 12.272200
5525 12.192500
5526 12.077400
5527 12.212200
5528 12.008400
5529 12.386200
5530 12.286500
5531 12.163700
5532 12.266400
5533 12.310100
5534 12.134300
5535 12.256800
5536 12.206400
5537 12.037900
5538 12.429100
5539 12.204200
5540 12.214800
5541 12.323500
5542 12.232500
5543 12.174500
5544 12.605500
5545 12.454200
5546 12.126300
5547 12.378000
5548 12.238900
5549 12.229500
5550 12.269200
5551 12.518900
5552 12.125700
5553 12.384300
5554 12.233500
5555 12.177800
5556 12.286500
5557 12.360400
5558 12.085200
5559 12.203800
5560 12.204300
5561 12.211100
5562 12.155600
5563 12.353900
5564 12.038700
5565 12.189200
5566 12.113100
5567 12.189000
5568 12.181500
5569 12.244400
5570 11.985000
5571 12.307200
5572 12.165800
5573 12.141000
5574 12.247400
5575 12.268600
5576 12.225600
5577 12.539400
5578 12.390900
5579 12.226300
5580 12.279300
5581 12.519400
5582 12.413000
5583 12.580100
5584 12.373100
5585 12.707800
5586 12.382800
5587 12.485400
5588 12.454700
5589 12.558600
5590 12.382900
5591 12.373200
5592 12.399600
5593 12.815000
5594 12.371400
5595 12.538400
5596 12.258900
5597 12.216700
5598 12.173400
5599 12.404000
5600 12.128100
5601 12.384800
5602 12.181400
5603 12.246100
5604 12.257700
5605 12.292400
5606 12.119800
5607 12.343400
5608 12.334800
5609 12.391900
5610 12.466800
5611 12.455500
5612 12.276800
5613 12.547700
5614 12.379500
5615 12.331500
5616 12.525900
5617 12.444800
5618 12.257800
5619 12.502200
5620 12.458300
5621 12.369700
5622 12.407500
5623 12.533300
5624 12.316300
5625 12.590000
5626 12.384400
5627 12.609500
5628 12.399500
5629 12.683200
5630 12.357000
5631 12.494500
5632 12.342800
5633 12.337600
5634 12.377400
5635 12.688400
5636 12.039900
5637 12.368900
5638 12.421100
5639 12.151000
5640 12.303900
5641 12.319600
5642 12.124300
5643 12.313100
5644 12.396300
5645 12.221900
5646 12.334000
5647 12.353800
5648 12.259000
5649 12.428500
5650 12.890400
5651 12.334800
5652 12.441200
5653 12.514300
5654 12.290700
5655 12.489700
5656 12.412400
5657 12.398900
5658 12.381400
5659 12.335000
5660 12.300000
5661 12.512800
5662 12.434800
5663 12.354500
5664 12.393900
5665 12.481300
5666 12.229200
5667 12.529300
5668 12.425500
5669 12.339400
5670 12.448900
5671 13.737400
5672 12.369500
5673 12.652600
5674 12.418200
5675 12.365200
5676 12.367800
5677 12.485600
5678 12.273500
5679 12.461600
5680 12.993400
5681 12.318100
5682 12.408000
5683 12.513800
5684 12.383200
5685 12.418100
5686 12.375800
5687 12.243600
5688 12.394500
5689 12.392100
5690 12.350200
5691 12.471300
5692 12.310400
5693 12.327300
5694 12.620700
5695 12.751500
5696 12.461700
5697 12.521000
5698 12.407900
5699 12.346200
5700 12.300600
5701 12.212600
5702 12.065000
5703 12.341000
5704 12.081000
5705 12.929500
5706 12.267900
5707 12.348800
5708 12.077100
5709 12.339900
5710 12.107200
5711 12.254100
5712 12.574800
5713 12.631900
5714 12.570300
5715 12.691500
5716 12.287800
5717 12.221100
5718 12.486900
5719 12.555500
5720 12.380900
5721 12.606700
5722 12.428800
5723 12.403900
5724 12.552300
5725 12.586100
5726 12.304900
5727 12.583000
5728 12.421800
5729 12.336600
5730 12.269100
5731 12.511600
5732 12.303500
5733 12.581100
5734 12.423200
5735 12.455700
5736 12.408700
5737 12.525700
5738 13.460300
5739 12.595500
5740 12.496300
5741 12.305500
5742 12.354700
5743 12.581500
5744 12.415100
5745 12.558400
5746 12.649500
5747 12.416800
5748 12.638600
5749 12.590300
5750 12.216400
5751 12.520500
5752 12.557100
5753 12.515800
5754 12.510200
5755 12.627500
5756 12.263900
5757 12.535100
5758 12.420700
5759 12.570800
5760 12.088900
5761 12.282300
5762 12.123600
5763 12.659700
5764 12.390900
5765 12.161300
5766 12.261700
5767 12.430000
5768 12.113300
5769 12.431400
5770 12.213700
5771 12.174300
5772 12.277300
5773 12.375500
5774 12.198300
5775 12.399600
5776 12.603800
5777 12.636100
5778 12.294100
5779 12.389200
5780 12.397500
5781 12.538300
5782 12.388100
5783 12.335600
5784 12.410600
5785 12.734100
5786 12.151900
5787 12.345000
5788 12.405900
5789 12.330600
5790 12.327600
5791 12.463300
5792 12.160700
5793 12.349300
5794 12.372500
5795 12.330000
5796 12.452300
5797 12.557300
5798 12.261800
5799 12.629600
5800 12.476400
5801 12.574700
5802 12.771600
5803 12.854000
5804 12.477100
5805 12.703900
5806 12.649700
5807 13.310200
5808 12Running scripts/B747.01.manipulators/B747.01.manipulators.lua
Running scripts/B747.03.electrical/B747.03.electrical.lua
Running scripts/B747.10.gear/B747.10.gear.lua
Running scripts/B747.15.com/B747.15.com.lua
Running scripts/B747.20.hydraulics/B747.20.hydraulics.lua
Running scripts/B747.25.fuel/B747.25.fuel.lua
Running scripts/B747.30.fltMgmt/B747.30.fltMgmt.lua
Running scripts/B747.35.fire/B747.35.fire.lua
Running scripts/B747.40.engines/B747.40.engines.lua
Running scripts/B747.45.fltCtrls/B747.45.fltCtrls.lua
Running scripts/B747.50.antiice/B747.50.antiice.lua
Running scripts/B747.55.air/B747.55.air.lua
Running scripts/B747.60.fltInst/B747.60.fltInst.lua
Running scripts/B747.68.fmsL/B747.68.fmsL.lua
Running scripts/B747.68.fmsR/B747.68.fmsR.lua
Running scripts/B747.70.autopilot/B747.70.autopilot.lua
Running scripts/B747.85.safety/B747.85.safety.lua
Running scripts/B747.87.warning/B747.87.warning.lua
Running scripts/B747.90.lighting/B747.90.lighting.lua
Running scripts/B747.95.AI/B747.95.AI.lua
Picking device: GeForce GTX 1660 Ti
MicroProfile: Web server started on port 1338
NAVT: Airspace: 131029 usec
NAVT: NavData: 4739134 usec
NAVT: Navaids: 159656 usec
NAVT: Fixes: 331636 usec
NAVT: Airways: 601249 usec
PERLIN AVERAGE: 127
BAD GAMMA: Resources/default scenery/sim objects/dynamic/Nimitz.png
BAD GAMMA: Resources/default scenery/sim objects/dynamic/Nimitz_lit.png
BAD GAMMA: Resources/default scenery/sim objects/dynamic/Perry.png
BAD GAMMA: Resources/default scenery/sim objects/dynamic/Perry_lit.png
Set boat to (0.00, -2407656.75, 4991588.50), heading 8.000000 for approach
Clearing all patches.
Loading 597 (+70+030.png
Loading 598 (+70+040.png
Loading 599 (+70+050.png
Loading 633 (+80+030.png
Loading 634 (+80+040.png
Loading 635 (+80+050.png
Planet prep: 65 usec
Loading 484 (+40-020.png
Loading 485 (+40-010.png
Loading 486 (+40+000.png
Loading 520 (+50-020.png
Loading 521 (+50-010.png
Loading 522 (+50+000.png
Loading 556 (+60-020.png
Loading 557 (+60-010.png
Loading 558 (+60+000.png
Planet prep: 174 usec
parse_voice_pack: Resources/default scenery/default atc dat/voices/default pilot/default_pilot.voc: 1196837 usec
parse_voice_pack: Resources/default scenery/default atc dat/voices/default/default.voc: 1233433 usec
BAD GAMMA: Resources/default scenery/sim objects/dynamic/Nimitz.png
BAD GAMMA: Resources/default scenery/sim objects/dynamic/Nimitz_lit.png
BAD GAMMA: Resources/default scenery/sim objects/dynamic/Perry.png
BAD GAMMA: Resources/default scenery/sim objects/dynamic/Perry_lit.png
.742100
5809 12.983300
5810 12.732100
5811 12.886100
5812 12.734600
5813 12.686200
5814 12.757000
5815 12.792800
5816 12.580100
5817 12.799200
5818 12.780800
5819 12.685900
5820 12.688700
5821 12.779200
5822 12.326300
5823 12.706400
5824 12.938300
5825 12.618100
5826 12.688100
5827 12.817600
5828 12.639400
5829 12.850400
5830 12.755200
5831 12.569500
5832 12.652800
5833 12.616700
5834 12.434500
5835 13.094000
5836 12.542600
5837 12.490900
5838 12.654900
5839 12.688600
5840 12.628500
5841 12.737100
5842 12.641700
5843 12.561900
5844 12.754200
5845 12.721600
5846 12.576300
5847 12.549600
5848 12.376600
5849 12.453900
5850 12.487900
5851 12.902000
5852 12.204000
5853 12.534600
5854 12.315100
5855 12.373500
5856 12.533600
5857 12.593500
5858 12.410700
5859 12.617700
5860 12.471900
5861 12.369300
5862 12.336400
5863 13.271900
5864 12.274400
5865 12.519700
5866 12.398800
5867 12.352200
5868 12.359700
5869 12.598600
5870 12.292400
5871 12.516000
5872 12.350400
5873 12.195300
5874 12.503900
5875 12.528200
5876 12.210500
5877 12.469200
5878 12.384900
5879 12.253700
5880 12.431700
5881 12.433200
5882 12.175600
5883 13.069000
5884 12.387500
5885 12.321600
5886 13.374200
5887 13.290000
5888 12.740300
5889 12.735400
5890 12.650800
5891 12.539500
5892 12.562000
5893 12.831700
5894 13.292700
5895 12.938500
5896 12.603500
5897 12.577300
5898 12.659700
5899 12.743700
5900 12.538300
5901 13.129400
5902 12.682200
5903 12.571700
5904 12.583900
5905 12.594000
5906 12.445900
5907 12.726400
5908 12.614300
5909 12.659400
5910 12.606900
5911 12.521900
5912 12.519000
5913 12.709800
5914 12.704500
5915 12.559000
5916 12.616900
5917 12.743300
5918 12.504900
5919 12.797700
5920 12.651700
5921 12.600100
5922 12.670800
5923 12.727300
5924 12.551200
5925 12.772200
5926 12.509100
5927 12.382400
5928 12.525000
5929 12.676500
5930 12.515300
5931 13.074200
5932 12.444700
5933 12.523700
5934 12.586000
5935 12.772500
5936 12.488800
5937 12.798800
5938 12.676900
5939 12.588300
5940 12.599600
5941 12.732000
5942 12.700600
5943 10.370400
5944 9.445800
5945 8.858800
5946 8.868300
5947 8.796300
5948 8.721200
5949 8.958000
5950 8.776700
5951 8.691200
5952 8.749800
5953 8.859200
5954 8.616500
5955 8.919900
5956 8.788300
5957 8.717500
5958 8.762900
5959 8.837100
5960 8.692000
5961 8.875800
5962 8.533700
5963 8.729200
5964 8.775400
5965 9.222500
5966 8.625600
5967 8.958600
5968 8.771400
5969 8.711300
5970 8.852700
5971 8.912300
5972 8.763900
5973 9.122600
5974 8.943400
5975 8.841700
5976 8.824200
5977 9.001600
5978 8.734200
5979 9.014200
5980 8.919600
5981 8.857700
5982 8.947500
5983 9.048400
5984 9.021000
5985 9.002200
5986 8.916100
5987 8.847300
5988 9.128900
5989 9.010500
5990 8.843900
5991 8.959300
5992 8.943900
5993 8.873400
5994 8.924500
5995 9.062400
5996 8.850900
5997 8.985800
5998 8.839100
5999 8.977700
6000 8.861000
6001 9.121300
6002 8.785800
6003 9.056600
6004 9.034600
6005 9.077200
6006 8.971800
6007 9.178400
6008 8.800200
6009 9.015200
6010 8.922800
6011 8.794500
6012 8.706900
6013 9.074400
6014 8.778700
6015 9.103100
6016 8.861600
6017 8.895100
6018 8.959400
6019 9.076100
6020 8.899400
6021 9.041600
6022 8.895200
6023 8.791800
6024 9.086500
6025 9.030400
6026 8.812700
6027 8.962700
6028 8.931300
6029 8.890700
6030 8.839900
6031 9.023300
6032 8.800300
6033 9.008200
6034 9.146500
6035 8.933400
6036 8.790600
6037 9.119200
6038 8.805000
6039 8.986300
6040 8.719700
6041 9.005000
6042 8.966200
6043 9.034500
6044 8.810900
6045 8.995100
6046 8.801700
6047 8.810400
6048 9.363400
6049 9.346100
6050 9.104400
6051 9.257700
6052 9.019000
6053 9.002600
6054 9.008500
6055 9.019000
6056 8.776600
6057 8.975900
6058 8.844500
6059 8.865900
6060 8.844700
6061 8.994200
6062 8.830500
6063 9.028000
6064 8.797700
6065 8.823200
6066 9.386400
6067 9.037600
6068 8.681400
6069 8.915400
6070 8.759100
6071 8.759700
6072 12.524800
Frames: 6073:
UDP packets lost: 72
Frame rate 49.328097 fps
Frames: 6073:
UDP packets lost: 72
Frame rate 49.327882 fps
