0 2.734300
1 13.355200
2 19.832400
3 13.273500
4 13.221600
5 13.461400
6 13.853600
7 13.246300
8 13.058900
9 13.040700
10 13.259000
11 13.068400
12 12.864900
13 12.972200
14 13.015400
15 13.161500
16 13.124600
17 13.007600
18 13.210400
19 13.487100
20 13.085800
21 13.035800
22 13.711300
23 13.146900
24 13.050400
25 13.222100
26 13.804600
27 13.159800
28 13.148200
29 13.110900
30 13.069600
31 12.928800
32 13.041300
33 12.936100
34 12.909700
35 12.945300
36 13.042200
37 13.464900
38 13.968400
39 12.954400
40 13.025500
41 13.964900
42 13.137500
43 13.085600
44 13.125000
45 12.995200
46 13.030800
47 12.930600
48 13.008500
49 13.040300
50 13.079800
51 12.907700
52 13.014100
53 12.905100
54 13.030600
55 12.921800
56 13.154200
57 12.995600
58 13.038300
59 12.857800
60 13.032600
61 12.986000
62 13.005500
63 12.917400
64 12.918200
65 12.924600
66 13.784900
67 12.921400
68 13.114600
69 12.974100
70 12.989900
71 13.003500
72 12.913400
73 12.926100
74 12.889900
75 12.955100
76 13.729600
77 12.938400
78 13.080500
79 12.951400
80 13.098200
81 13.059100
82 13.005500
83 12.936200
84 12.948900
85 13.689500
86 13.031800
87 12.842800
88 13.237600
89 12.943900
90 12.899800
91 12.976600
92 12.927700
93 12.927600
94 13.681200
95 12.963700
96 13.049500
97 12.957400
98 13.001100
99 12.785800
100 13.121400
101 13.130000
102 13.390000
103 13.087700
104 13.435700
105 13.127700
106 13.374300
107 13.251200
108 13.179400
109 13.012400
110 13.102000
111 13.046800
112 13.056800
113 13.208400
114 13.115900
115 12.956300
116 13.053700
117 13.003700
118 12.957400
119 13.277000
120 13.109500
121 13.518000
122 13.068700
123 12.939600
124 13.010200
125 13.033300
126 13.161500
127 13.036600
128 13.129300
129 12.815400
130 13.008100
131 13.079400
132 13.207800
133 13.641900
134 13.132300
135 13.172000
136 13.204400
137 13.072800
138 13.416300
139 13.111400
140 13.143600
141 13.162400
142 13.176600
143 13.039700
144 13.129100
145 13.056000
146 13.234500
147 13.140700
148 13.197100
149 13.125200
150 13.163500
151 13.237400
152 13.269700
153 13.296300
154 13.344300
155 13.250600
156 13.452500
157 13.390700
158 13.565200
159 13.302900
160 13.260100
161 13.279300
162 13.296600
163 13.235800
164 13.412300
165 13.318400
166 13.239400
167 13.160900
168 13.234800
169 13.163800
170 13.423600
171 13.155000
172 13.166300
173 13.074500
174 13.179700
175 13.115600
176 13.267500
177 13.100600
178 13.167600
179 13.079100
180 13.076900
181 13.313500
182 13.163700
183 13.112900
184 13.243100
185 13.184500
186 13.145000
187 13.147100
188 13.851700
189 13.141500
190 13.176600
191 13.142300
192 13.135500
193 13.091200
194 13.110500
195 13.039800
196 13.034400
197 13.051500
198 13.047900
199 13.080300
200 12.957100
201 12.907400
202 12.958100
203 12.822300
204 12.979200
205 13.655400
206 13.385500
207 13.099700
208 13.143300
209 13.056000
210 13.492600
211 13.101100
212 13.074600
213 12.996100
214 13.042800
215 12.974300
216 13.149000
217 12.999400
218 13.047700
219 12.994500
220 12.979100
221 13.148700
222 13.057300
223 12.987900
224 13.082500
225 12.989800
226 13.069300
227 13.068800
228 13.060400
229 12.984100
230 12.957100
231 13.496600
232 13.011300
233 13.077300
234 13.300300
235 13.038000
236 12.913800
237 12.952500
238 13.769600
239 12.962900
240 13.064100
241 13.000400
242 13.080000
243 12.999900
244 13.097400
245 12.955800
246 13.277800
247 12.906100
248 12.966100
249 12.897300
250 13.056700
251 13.073600
252 13.063900
253 13.041800
254 13.138700
255 13.287400
256 13.417400
257 13.481700
258 13.163600
259 13.102700
260 13.196900
261 13.256200
262 13.167500
263 13.115700
264 13.226300
265 13.078800
266 13.715400
267 13.109400
268 13.275400
269 12.974100
270 13.314800
271 13.182300
272 13.263900
273 13.121700
274 13.209500
275 13.265300
276 13.209800
277 13.103500
278 13.278700
279 13.117500
280 13.107700
281 13.401100
282 13.145700
283 13.129800
284 13.917400
285 13.112500
286 12.937300
287 12.989500
288 13.089800
289 13.169700
290 12.965600
291 13.154100
292 13.127800
293 13.195700
294 13.044900
295 13.203600
296 13.799200
297 13.130200
298 13.185700
299 13.020000
300 13.040100
301 13.235300
302 13.032500
303 13.831300
304 13.102300
305 13.172100
306 13.361700
307 13.319600
308 13.231100
309 13.150700
310 13.171400
311 13.152300
312 13.278800
313 13.159900
314 13.196500
315 13.146700
316 13.178800
317 13.488900
318 13.211700
319 13.195000
320 13.157300
321 13.098700
322 13.170700
323 13.120600
324 13.124600
325 13.081400
326 13.108500
327 13.099200
328 13.203200
329 13.121700
330 13.073000
331 13.021300
332 13.237200
333 13.102100
334 13.027500
335 12.855400
336 13.031700
337 12.934100
338 13.069500
339 13.109500
340 13.084500
341 13.150600
342 13.166900
343 13.095100
344 13.232800
345 13.022900
346 13.119800
347 13.086100
348 13.196800
349 13.008000
350 13.202900
351 13.038200
352 13.030000
353 12.869300
354 13.111700
355 12.885500
356 13.347000
357 13.333900
358 13.715600
359 13.068200
360 13.180900
361 13.171300
362 13.238200
363 13.107500
364 13.138100
365 13.090100
366 13.103300
367 13.100800
368 13.072500
369 13.038400
370 12.970000
371 13.011900
372 13.450900
373 13.285600
374 13.217500
375 13.141000
376 13.336100
377 13.074700
378 13.052500
379 13.206300
380 13.332800
381 13.129400
382 13.149800
383 13.104800
384 25.987700
385 13.661100
386 23.443900
387 14.811200
388 24.163400
389 14.733200
390 25.266000
391 13.785100
392 25.809800
393 13.834500
394 25.782100
395 14.999200
396 25.689600
397 15.860500
398 25.814900
399 15.099700
400 26.546500
401 14.797100
402 24.802600
403 14.921600
404 24.262600
405 14.839600
406 23.221700
407 15.844900
408 23.268700
409 13.890800
410 24.803600
411 14.967600
412 25.360300
413 14.836300
414 25.568000
415 13.940600
416 25.740800
417 14.919300
418 25.968200
419 14.608700
420 26.037900
421 15.980800
422 25.306500
423 13.429900
424 25.008600
425 13.985600
426 23.263900
427 14.976800
428 24.400300
429 14.850800
430 24.956700
431 15.002300
432 23.766200
433 13.685000
434 24.660100
435 13.979400
436 24.068700
437 14.869000
438 25.526100
439 14.895500
440 24.861800
441 13.892800
442 25.499200
443 14.959800
444 25.750600
445 14.387300
446 25.527700
447 13.194500
448 23.780000
449 13.038200
450 24.906800
451 14.947900
452 25.591300
453 15.101800
454 24.811600
455 13.931200
456 24.519500
457 14.855900
458 24.361000
459 15.503300
460 24.671000
461 13.869000
462 26.940300
463 16.108600
464 25.555100
465 14.450600
466 26.480500
467 15.007700
468 25.843500
469 14.920100
470 24.970300
471 14.901700
472 25.711200
473 15.308400
474 25.248900
475 13.188800
476 24.615900
477 14.695000
478 24.797000
479 13.103600
480 25.431600
481 13.076600
482 24.179600
483 13.001600
484 25.719500
485 13.050900
486 25.082300
487 14.831000
488 25.508700
489 13.046700
490 26.073100
491 14.714800
492 25.534600
493 14.659500
494 13.107000
495 13.199400
496 13.151400
497 13.204300
498 13.226300
499 13.048900
500 13.351600
501 13.438200
502 13.302300
503 13.407500
504 13.263600
505 13.282300
506 13.207700
507 13.357800
508 13.160400
509 13.409500
510 13.429600
511 13.295400
512 13.325300
513 13.405900
514 13.112100
515 13.331200
516 13.332600
517 13.163200
518 13.251500
519 13.437600
520 13.121800
521 13.240500
522 13.270300
523 13.195000
524 13.201800
525 13.419400
526 13.144300
527 13.263700
528 13.288800
529 13.103900
530 13.215000
531 13.608500
532 13.840400
533 13.488100
534 13.443100
535 13.257100
536 13.363100
537 13.405900
538 13.158700
539 13.357300
540 13.212700
541 13.125000
542 13.179000
543 13.215400
544 13.070900
545 13.597700
546 13.519900
547 13.251200
548 13.269600
549 13.357100
550 13.301900
551 13.430700
552 13.388700
553 13.250700
554 13.269300
555 13.304500
556 13.114100
557 13.334900
558 13.403300
559 13.446800
560 13.237700
561 13.279900
562 13.249200
563 13.339900
564 13.308200
565 13.054000
566 13.224400
567 13.259800
568 12.944000
569 13.251500
570 13.240000
571 12.977700
572 13.765300
573 13.368800
574 13.078400
575 13.495100
576 13.399400
577 13.451600
578 13.347700
579 13.482200
580 13.209900
581 13.485200
582 13.410500
583 13.308200
584 13.371300
585 13.289800
586 13.067300
587 13.257100
588 13.229800
589 13.217500
590 13.285500
591 13.306600
592 13.112900
593 13.239900
594 13.321000
595 13.278800
596 13.148100
597 14.064200
598 13.151200
599 13.148900
600 13.209800
601 13.255500
602 13.314500
603 13.346400
604 13.129900
605 13.357300
606 13.408800
607 13.269500
608 13.201800
609 13.464600
610 13.182000
611 13.356500
612 13.331000
613 13.199300
614 13.389400
615 13.240100
616 13.434000
617 13.319000
618 13.226200
619 13.253900
620 13.253500
621 13.307200
622 13.217100
623 13.372400
624 13.438000
625 13.336700
626 13.371700
627 13.412300
628 13.183500
629 13.428600
630 13.500700
631 13.236500
632 13.667000
633 14.117100
634 13.304900
635 13.364800
636 13.308300
637 13.118900
638 13.078600
639 13.411500
640 12.972100
641 13.472100
642 13.357500
643 13.137200
644 13.277800
645 13.468600
646 13.022400
647 13.366900
648 13.255500
649 13.181700
650 14.026500
651 13.355700
652 13.166300
653 13.320600
654 13.365100
655 13.345900
656 13.151700
657 13.368000
658 13.311700
659 13.241500
660 13.443500
661 13.237200
662 13.326400
663 13.478500
664 13.251400
665 13.291700
666 13.360600
667 13.160100
668 13.323100
669 13.419300
670 13.270300
671 13.316300
672 13.309100
673 13.212200
674 13.162600
675 13.527900
676 13.181800
677 13.440200
678 13.286100
679 13.286400
680 13.345600
681 13.505900
682 13.232100
683 13.394300
684 13.514700
685 13.260900
686 13.270400
687 13.441400
688 13.147500
689 13.363700
690 13.344700
691 13.208900
692 13.137300
693 13.319400
694 13.070400
695 13.380500
696 13.369400
697 13.214900
698 13.304900
699 13.422000
700 13.064300
701 13.156800
702 13.420900
703 13.255600
704 13.280200
705 13.406100
706 13.165300
707 13.375500
708 13.376300
709 13.223700
710 13.518500
711 13.748700
712 13.130300
713 13.329100
714 13.339700
715 13.084500
716 13.372000
717 13.427100
718 13.265400
719 13.228900
720 13.253800
721 13.261600
722 13.229900
723 13.306700
724 13.087200
725 13.190200
726 13.196800
727 12.978600
728 13.258700
729 13.274300
730 13.088600
731 13.170800
732 13.450600
733 13.117700
734 13.771400
735 13.490600
736 13.149700
737 13.457700
738 13.484900
739 13.280000
740 13.931700
741 13.743800
742 13.079500
743 13.240900
744 13.416100
745 14.658400
746 13.299900
747 13.446300
748 13.170100
749 13.431100
750 13.360500
751 13.256600
752 13.242100
753 13.318000
754 13.178400
755 13.439600
756 13.262700
757 13.121400
758 13.348900
759 13.333600
760 13.194300
761 13.237600
762 13.284400
763 12.968100
764 13.314400
765 13.330900
766 13.280800
767 13.124500
768 13.346100
769 13.004600
770 13.419600
771 13.197800
772 13.114000
773 13.156700
774 13.288600
775 13.086500
776 13.591000
777 13.194000
778 13.083100
779 13.230900
780 13.336700
781 13.295800
782 13.305100
783 13.412300
784 13.429400
785 13.361200
786 13.419100
787 13.204500
788 13.372300
789 13.491800
790 13.174200
791 13.234400
792 13.903700
793 13.149700
794 13.891600
795 14.011300
796 13.167400
797 13.677100
798 13.874300
799 13.114400
800 13.994200
801 13.888300
802 13.464500
803 13.739500
804 13.928200
805 13.299300
806 13.358000
807 14.006700
808 13.227300
809 13.952600
810 14.320600
811 13.248600
812 13.959500
813 14.082800
814 13.264900
815 14.187900
816 14.198700
817 13.256200
818 14.052400
819 14.085500
820 13.403800
821 14.088700
822 14.097300
823 13.269800
824 14.065400
825 14.176500
826 13.302800
827 14.074000
828 14.140800
829 13.275000
830 14.101500
831 14.005800
832 13.244300
833 14.145700
834 14.060100
835 13.321700
836 14.054600
837 14.038400
838 13.963000
839 14.078900
840 14.252100
841 13.292300
842 14.057800
843 14.090800
844 13.780800
845 14.392900
846 14.725700
847 13.323600
848 13.952400
849 13.914400
850 13.253200
851 13.913100
852 14.064000
853 13.245600
854 13.923800
855 14.048300
856 13.365300
857 13.908900
858 14.092800
859 13.111700
860 14.091100
861 14.265200
862 13.357600
863 13.952800
864 14.077900
865 13.562500
866 14.158500
867 13.967200
868 13.331500
869 13.877400
870 14.000100
871 13.106900
872 13.957900
873 13.972200
874 13.628600
875 13.992500
876 14.108300
877 13.191500
878 14.032700
879 14.047400
880 13.252200
881 13.953600
882 14.000900
883 13.228100
884 13.914000
885 14.060100
886 13.259100
887 13.953300
888 14.076500
889 13.088500
890 13.922500
891 13.957600
892 13.135600
893 13.874100
894 13.958400
895 13.188100
896 14.006800
897 13.853900
898 13.137300
899 13.886400
900 13.967100
901 13.061900
902 14.075100
903 13.868600
904 13.245100
905 14.066100
906 13.453400
907 13.275200
908 14.075500
909 14.129700
910 13.183800
911 14.022400
912 14.085300
913 13.140600
914 14.708000
915 14.169900
916 13.464100
917 13.986500
918 14.184100
919 13.337700
920 14.000100
921 14.072400
922 13.230600
923 13.815400
924 14.251200
925 13.920600
926 14.800800
927 14.183000
928 13.264400
929 13.967200
930 13.926800
931 13.187700
932 14.095300
933 14.013400
934 13.743000
935 14.095300
936 14.295300
937 13.322700
938 14.151300
939 14.104100
940 13.323600
941 13.944600
942 14.118300
943 13.261800
944 14.365200
945 14.215100
946 13.446700
947 14.127800
948 14.304200
949 13.294600
950 14.128100
951 14.149700
952 13.462500
953 14.064100
954 14.176800
955 13.240000
956 13.980000
957 13.351400
958 13.286200
959 13.960800
960 13.987700
961 13.239900
962 13.937600
963 14.028600
964 13.293100
965 13.979700
966 14.074100
967 13.179600
968 14.055000
969 13.908600
970 13.247800
971 13.932400
972 14.086000
973 13.109700
974 14.035500
975 14.067300
976 13.228200
977 13.856700
978 14.107500
979 13.137100
980 14.058000
981 14.026500
982 13.217500
983 14.088600
984 14.555700
985 13.347600
986 14.112100
987 14.254300
988 13.331800
989 14.037100
990 14.315100
991 13.325200
992 14.117100
993 14.100500
994 13.367300
995 14.030000
996 14.102300
997 13.214800
998 14.118000
999 14.114800
1000 13.419200
1001 14.043100
1002 14.311000
1003 13.325500
1004 14.139000
1005 14.284100
1006 13.297200
1007 14.024500
1008 14.204300
1009 13.305300
1010 14.082200
1011 14.184300
1012 13.346700
1013 14.144500
1014 14.165900
1015 13.372600
1016 14.233500
1017 14.153000
1018 13.380500
1019 14.161300
1020 14.004400
1021 13.178100
1022 13.935600
1023 14.178200
1024 13.169700
1025 14.069000
1026 14.058600
1027 13.264200
1028 14.083600
1029 14.204400
1030 13.330000
1031 14.050400
1032 14.248400
1033 13.231200
1034 14.520500
1035 14.283500
1036 13.786500
1037 14.223800
1038 14.226700
1039 13.391200
1040 14.068200
1041 14.043400
1042 13.377000
1043 14.703000
1044 14.045100
1045 13.319100
1046 14.065200
1047 14.219600
1048 13.318000
1049 14.042400
1050 14.142100
1051 13.272300
1052 14.300800
1053 14.215400
1054 13.452300
1055 14.157700
1056 14.199200
1057 13.540000
1058 14.182200
1059 14.164200
1060 13.393300
1061 14.049200
1062 14.196700
1063 13.233500
1064 14.162900
1065 14.133200
1066 13.294300
1067 14.135600
1068 14.267800
1069 13.279100
1070 14.241800
1071 14.236100
1072 13.460900
1073 14.123800
1074 14.633400
1075 13.330900
1076 13.987100
1077 14.018500
1078 13.329500
1079 14.073900
1080 14.208400
1081 13.259500
1082 14.198700
1083 14.318700
1084 13.348100
1085 14.048900
1086 14.296600
1087 13.382100
1088 14.190800
1089 14.294500
1090 13.439900
1091 14.198500
1092 14.207100
1093 13.389100
1094 14.055800
1095 14.019000
1096 13.252800
1097 13.981700
1098 14.062900
1099 13.539800
1100 14.193300
1101 14.100300
1102 13.679800
1103 14.048800
1104 14.162200
1105 13.457300
1106 14.104700
1107 13.602500
1108 13.498800
1109 14.167400
1110 14.022500
1111 13.316600
1112 14.049200
1113 13.996800
1114 13.336500
1115 13.905000
1116 14.069300
1117 13.276500
1118 14.064500
1119 14.223000
1120 13.448700
1121 14.054700
1122 14.143200
1123 13.311000
1124 14.003200
1125 14.262500
1126 13.386000
1127 14.141000
1128 14.199500
1129 13.469300
1130 14.035300
1131 13.952100
1132 13.235300
1133 13.947400
1134 14.103400
1135 13.236600
1136 14.113300
1137 14.824000
1138 13.375300
1139 14.030000
1140 14.085300
1141 13.241900
1142 14.337300
1143 14.065800
1144 13.326700
1145 13.883700
1146 14.134400
1147 13.222700
1148 14.077700
1149 13.971000
1150 13.277500
1151 13.946500
1152 14.169600
1153 13.247100
1154 14.132700
1155 13.960900
1156 13.303700
1157 13.955800
1158 13.509400
1159 13.263100
1160 14.099600
1161 14.707100
1162 13.326100
1163 13.966900
1164 14.098100
1165 13.235000
1166 14.214600
1167 14.066100
1168 13.354900
1169 14.093200
1170 14.317000
1171 13.222900
1172 14.463800
1173 14.586000
1174 14.297500
1175 14.269100
1176 14.331400
1177 13.437700
1178 14.278000
1179 14.315500
1180 13.604200
1181 14.304000
1182 14.347200
1183 13.590200
1184 14.573700
1185 14.449100
1186 13.620500
1187 14.284200
1188 14.379900
1189 13.532400
1190 14.171800
1191 14.277700
1192 13.306100
1193 14.252100
1194 14.332500
1195 13.471100
1196 14.179000
1197 14.245400
1198 13.483100
1199 14.083200
1200 14.166900
1201 13.494900
1202 14.365100
1203 14.173600
1204 13.452100
1205 14.197800
1206 14.307600
1207 13.439100
1208 13.684600
1209 14.321500
1210 13.589900
1211 14.058100
1212 14.300100
1213 13.356500
1214 14.230200
1215 14.296100
1216 13.519500
1217 14.269100
1218 14.325800
1219 13.490300
1220 14.999200
1221 14.282900
1222 13.389400
1223 14.335900
1224 14.179300
1225 13.479200
1226 14.245000
1227 14.277800
1228 13.532700
1229 14.276400
1230 14.335600
1231 13.516400
1232 14.521300
1233 14.304100
1234 13.734700
1235 14.202700
1236 14.296000
1237 13.471700
1238 14.263000
1239 14.906200
1240 13.548900
1241 14.035300
1242 14.182200
1243 13.341400
1244 14.217000
1245 14.143100
1246 13.500800
1247 14.073100
1248 14.371500
1249 13.373900
1250 14.136800
1251 14.109600
1252 13.573400
1253 14.221800
1254 14.416400
1255 13.469700
1256 14.853600
1257 14.306500
1258 13.820700
1259 14.345300
1260 14.403800
1261 13.507400
1262 14.333400
1263 14.509100
1264 13.588300
1265 15.008300
1266 14.293000
1267 13.560500
1268 14.305600
1269 14.424200
1270 13.754400
1271 14.244800
1272 14.404800
1273 13.433100
1274 14.286700
1275 14.405800
1276 13.636100
1277 14.275600
1278 14.433900
1279 13.676300
1280 14.480600
1281 14.251900
1282 13.597700
1283 14.255900
1284 14.640200
1285 13.455100
1286 14.231000
1287 14.211900
1288 13.489700
1289 14.156100
1290 14.385700
1291 13.538300
1292 14.268300
1293 14.331500
1294 13.566100
1295 14.246800
1296 14.288500
1297 13.532700
1298 14.215900
1299 14.377300
1300 13.612700
1301 14.541100
1302 14.388600
1303 13.585600
1304 14.330400
1305 14.345800
1306 13.444200
1307 14.170400
1308 14.202200
1309 13.565500
1310 14.334600
1311 14.303000
1312 13.574800
1313 14.289200
1314 14.340600
1315 13.478500
1316 14.138200
1317 14.222500
1318 13.585000
1319 14.143700
1320 14.345900
1321 13.485300
1322 14.176300
1323 14.828500
1324 13.474100
1325 14.660500
1326 14.583500
1327 13.505600
1328 14.430600
1329 14.494100
1330 13.766300
1331 14.469300
1332 14.484500
1333 13.661400
1334 14.442200
1335 14.503200
1336 13.717600
1337 14.479000
1338 14.593400
1339 13.671400
1340 14.458800
1341 14.441200
1342 13.685600
1343 14.675900
1344 14.423400
1345 13.649000
1346 14.405600
1347 14.454000
1348 13.696100
1349 14.424400
1350 14.728900
1351 13.405600
1352 14.318800
1353 14.378500
1354 13.720300
1355 14.366400
1356 14.455700
1357 14.305600
1358 14.438900
1359 14.374200
1360 13.742800
1361 14.333600
1362 14.219800
1363 13.550300
1364 14.225300
1365 14.302500
1366 13.580900
1367 14.131900
1368 14.319700
1369 13.457200
1370 14.157700
1371 14.364200
1372 13.460200
1373 14.147200
1374 14.341800
1375 13.495000
1376 14.303000
1377 14.270100
1378 13.482600
1379 14.163300
1380 14.437500
1381 13.563300
1382 14.397900
1383 14.356600
1384 13.682600
1385 14.217900
1386 14.285600
1387 13.374500
1388 14.402200
1389 14.277100
1390 13.607000
1391 14.152600
1392 14.907300
1393 13.431100
1394 14.320100
1395 14.310900
1396 13.589400
1397 14.342100
1398 14.323000
1399 13.696400
1400 14.370000
1401 14.489800
1402 13.845500
1403 14.419200
1404 14.368100
1405 13.622700
1406 14.668700
1407 14.433000
1408 13.662000
1409 14.382500
1410 13.774700
1411 13.504300
1412 14.227700
1413 14.287300
1414 13.588200
1415 14.326800
1416 14.401800
1417 13.756700
1418 14.250100
1419 14.284000
1420 13.581800
1421 14.472100
1422 14.342700
1423 13.421700
1424 14.340200
1425 14.282500
1426 13.830100
1427 14.164800
1428 14.261100
1429 13.586800
1430 14.421900
1431 14.346300
1432 13.573500
1433 14.290000
1434 14.782700
1435 13.705000
1436 14.433800
1437 14.482400
1438 13.639700
1439 14.374600
1440 14.587500
1441 13.777500
1442 14.242800
1443 14.329900
1444 13.575500
1445 14.136200
1446 14.291200
1447 13.512100
1448 14.263600
1449 14.376300
1450 13.686100
1451 14.245100
1452 14.514000
1453 13.464800
1454 14.234200
1455 14.416900
1456 13.539300
1457 14.222400
1458 14.374800
1459 13.495200
1460 14.194700
1461 13.641000
1462 13.541300
1463 14.155400
1464 14.420800
1465 13.492900
1466 14.327900
1467 14.351300
1468 13.438800
1469 14.179700
1470 14.408500
1471 13.648200
1472 14.292200
1473 14.712400
1474 13.582400
1475 14.176800
1476 14.252300
1477 13.463200
1478 14.203500
1479 14.222600
1480 13.667200
1481 14.136700
1482 14.368200
1483 13.602100
1484 15.286500
1485 14.510000
1486 13.638400
1487 14.322900
1488 14.430400
1489 13.553400
1490 14.417600
1491 14.275100
1492 13.503700
1493 14.094800
1494 14.311400
1495 13.545600
1496 14.354300
1497 14.374800
1498 13.631300
1499 14.287700
1500 14.505900
1501 13.578900
1502 14.417500
1503 14.374000
1504 13.664900
1505 14.275000
1506 14.256900
1507 13.456600
1508 14.286000
1509 14.309000
1510 13.585100
1511 14.196200
1512 13.730000
1513 13.431300
1514 14.378100
1515 14.298500
1516 13.608000
1517 14.469900
1518 14.213900
1519 13.421500
1520 14.350800
1521 14.263300
1522 13.612200
1523 14.274300
1524 14.354000
1525 13.634200
1526 15.030900
1527 14.276200
1528 13.453600
1529 14.392200
1530 14.318500
1531 13.431200
1532 14.195100
1533 14.457400
1534 13.649300
1535 14.463200
1536 14.502600
1537 13.511700
1538 14.673900
1539 14.342200
1540 13.625400
1541 14.370500
1542 14.427000
1543 13.581900
1544 14.399800
1545 14.389100
1546 13.735400
1547 14.359700
1548 14.365700
1549 13.371000
1550 14.310400
1551 14.268200
1552 13.646900
1553 14.276300
1554 14.319100
1555 13.557200
1556 14.375700
1557 14.347900
1558 13.666600
1559 14.329800
1560 14.325800
1561 13.428500
1562 13.661700
1563 14.521600
1564 13.810500
1565 14.344600
1566 14.399800
1567 13.619000
1568 14.366800
1569 14.385400
1570 13.564800
1571 14.170000
1572 14.225200
1573 13.379400
1574 14.432800
1575 14.877900
1576 13.557900
1577 14.130400
1578 14.308700
1579 13.566800
1580 14.258700
1581 14.153100
1582 13.489400
1583 14.176300
1584 14.222200
1585 13.516900
1586 14.937500
1587 14.256000
1588 13.596000
1589 14.167200
1590 14.439800
1591 13.446700
1592 14.304800
1593 14.182300
1594 13.544000
1595 14.263200
1596 14.368600
1597 13.651800
1598 14.290000
1599 14.369300
1600 13.542800
1601 14.358200
1602 14.641100
1603 13.590300
1604 14.218800
1605 14.418500
1606 13.554400
1607 14.240000
1608 14.256300
1609 13.529100
1610 14.692000
1611 14.408700
1612 13.692300
1613 14.672300
1614 14.429200
1615 13.538500
1616 14.309500
1617 14.302200
1618 13.476700
1619 14.206600
1620 14.489400
1621 13.545700
1622 14.330400
1623 14.326800
1624 13.611600
1625 14.197800
1626 14.373700
1627 13.433900
1628 14.280700
1629 14.495400
1630 13.606900
1631 14.194300
1632 14.396100
1633 13.367000
1634 14.393800
1635 14.397400
1636 13.554700
1637 14.236700
1638 14.295200
1639 13.372300
1640 14.481200
1641 14.208900
1642 13.386800
1643 14.324800
1644 14.244900
1645 13.554600
1646 14.221800
1647 14.378700
1648 13.946100
1649 14.178000
1650 14.422000
1651 13.605000
1652 14.465400
1653 14.416700
1654 13.711500
1655 14.300200
1656 14.438800
1657 13.497700
1658 14.172900
1659 14.222400
1660 13.738500
1661 14.255300
1662 14.492900
1663 13.629500
1664 14.343800
1665 14.619400
1666 13.551800
1667 14.254600
1668 14.277100
1669 13.608400
1670 14.383900
1671 14.455300
1672 13.645600
1673 14.357500
1674 14.433000
1675 13.551300
1676 14.257200
1677 14.389400
1678 13.532200
1679 14.298900
1680 14.313000
1681 13.469000
1682 14.293700
1683 14.288200
1684 13.688400
1685 14.382000
1686 14.478500
1687 13.564500
1688 14.537100
1689 14.388200
1690 13.668200
1691 14.249700
1692 14.389100
1693 13.479100
1694 14.295800
1695 14.584700
1696 13.547500
1697 14.220000
1698 14.325000
1699 13.537200
1700 14.515400
1701 14.325100
1702 14.171400
1703 14.604000
1704 14.666500
1705 13.712800
1706 14.494900
1707 14.454200
1708 14.034900
1709 14.387000
1710 14.511700
1711 13.702500
1712 14.382400
1713 13.903100
1714 13.608500
1715 14.350800
1716 14.489100
1717 13.668300
1718 14.389400
1719 14.395400
1720 13.586100
1721 14.249700
1722 14.469200
1723 13.625400
1724 14.439500
1725 14.519000
1726 13.682500
1727 14.424400
1728 14.389100
1729 13.537900
1730 14.414200
1731 14.425900
1732 13.660300
1733 14.360200
1734 14.581500
1735 13.683100
1736 14.457200
1737 14.437100
1738 13.657800
1739 14.340200
1740 14.315100
1741 13.594000
1742 14.316900
1743 14.493300
1744 13.651100
1745 15.091400
1746 14.651400
1747 13.628500
1748 14.321200
1749 15.210500
1750 13.778100
1751 14.488600
1752 14.599500
1753 13.666300
1754 14.436000
1755 14.477400
1756 13.875100
1757 14.400500
1758 14.479400
1759 13.650600
1760 14.494500
1761 14.375800
1762 13.738400
1763 13.583600
1764 14.433900
1765 14.096800
1766 14.403100
1767 14.320300
1768 13.718500
1769 14.332300
1770 14.628300
1771 13.586500
1772 14.309900
1773 14.250700
1774 14.044100
1775 14.459800
1776 14.567800
1777 13.844700
1778 14.488700
1779 14.770900
1780 13.807200
1781 14.802400
1782 14.733000
1783 13.786300
1784 14.492400
1785 15.111500
1786 13.858800
1787 14.474500
1788 14.557400
1789 13.780700
1790 14.575200
1791 14.639600
1792 13.851300
1793 14.510000
1794 14.589900
1795 13.697100
1796 14.501300
1797 14.353100
1798 13.586300
1799 14.420100
1800 14.666800
1801 13.697200
1802 14.748600
1803 14.526600
1804 13.825800
1805 14.601500
1806 14.617800
1807 13.683900
1808 14.556100
1809 15.180400
1810 13.844400
1811 14.538600
1812 14.580800
1813 13.724600
1814 13.994100
1815 14.586700
1816 13.713100
1817 14.528500
1818 14.458600
1819 13.846000
1820 14.906200
1821 14.713200
1822 13.762500
1823 14.464800
1824 14.543500
1825 14.626700
1826 14.628600
1827 14.477500
1828 14.481500
1829 14.496400
1830 14.670600
1831 13.848400
1832 14.611000
1833 14.588300
1834 13.849700
1835 14.550700
1836 14.634600
1837 13.702300
1838 14.511600
1839 14.695500
1840 13.874200
1841 15.165900
1842 14.759100
1843 13.802800
1844 14.964600
1845 14.567800
1846 13.726200
1847 14.452000
1848 14.574100
1849 13.953500
1850 14.526700
1851 14.582000
1852 13.976500
1853 14.606800
1854 14.502900
1855 13.808600
1856 14.579100
1857 14.620000
1858 13.868500
1859 14.572400
1860 14.703000
1861 13.865600
1862 14.689200
1863 14.679700
1864 14.033200
1865 14.636800
1866 14.687900
1867 13.850400
1868 14.747100
1869 14.658500
1870 13.836900
1871 14.455500
1872 14.549100
1873 13.645900
1874 14.643200
1875 14.698800
1876 13.907800
1877 14.478600
1878 14.539000
1879 13.842200
1880 14.538100
1881 14.532200
1882 13.732900
1883 14.540100
1884 14.533000
1885 13.766700
1886 14.635900
1887 14.655400
1888 13.718700
1889 14.555300
1890 14.477900
1891 13.771700
1892 14.540500
1893 14.977400
1894 14.365900
1895 14.534300
1896 14.627800
1897 13.806500
1898 14.547600
1899 14.640700
1900 13.739700
1901 14.386900
1902 14.757600
1903 13.741300
1904 14.535100
1905 14.390700
1906 13.700900
1907 14.567000
1908 14.775200
1909 13.864900
1910 14.725800
1911 14.581100
1912 13.957100
1913 14.479300
1914 13.997500
1915 13.981900
1916 14.650500
1917 14.740200
1918 13.893700
1919 14.525400
1920 14.970600
1921 13.833300
1922 14.681600
1923 14.628000
1924 13.872800
1925 14.581000
1926 14.696000
1927 14.056100
1928 14.645100
1929 14.665100
1930 13.800200
1931 14.565200
1932 14.545700
1933 13.801600
1934 14.750300
1935 14.755900
1936 13.952300
1937 14.617300
1938 14.702700
1939 13.858800
1940 14.666100
1941 14.632900
1942 13.924900
1943 14.467200
1944 14.573300
1945 13.697200
1946 14.405300
1947 14.486200
1948 13.767900
1949 14.393200
1950 14.885800
1951 13.666000
1952 14.797200
1953 14.539600
1954 13.825500
1955 14.515900
1956 14.650600
1957 14.048700
1958 14.548900
1959 14.551500
1960 13.811500
1961 14.516800
1962 14.549000
1963 13.752500
1964 14.541600
1965 13.933300
1966 13.860300
1967 14.512400
1968 14.625500
1969 13.751800
1970 14.553100
1971 14.627000
1972 13.825800
1973 14.546900
1974 14.663000
1975 13.816400
1976 14.536900
1977 14.465100
1978 13.711200
1979 14.358200
1980 14.444500
1981 13.662200
1982 14.487900
1983 14.549900
1984 13.704500
1985 14.516400
1986 14.522600
1987 13.613900
1988 14.552100
1989 14.509100
1990 13.825800
1991 14.393600
1992 14.485700
1993 13.687800
1994 14.501500
1995 14.623700
1996 13.802800
1997 14.435300
1998 14.440600
1999 13.905000
2000 15.119100
2001 14.674900
2002 13.939600
2003 15.049500
2004 14.507700
2005 13.836400
2006 14.676700
2007 14.594000
2008 13.892000
2009 14.649600
2010 14.649900
2011 13.834800
2012 14.633100
2013 14.570200
2014 13.708400
2015 13.791200
2016 14.511100
2017 13.796400
2018 14.678400
2019 14.521600
2020 13.846800
2021 14.476000
2022 14.574200
2023 13.654100
2024 14.474500
2025 14.616600
2026 13.762400
2027 14.543000
2028 14.737600
2029 13.724900
2030 14.472000
2031 14.579200
2032 13.752800
2033 14.535400
2034 14.628400
2035 14.025500
2036 14.419300
2037 14.475600
2038 13.792000
2039 14.540100
2040 14.700700
2041 13.826400
2042 14.647000
2043 14.663700
2044 13.918800
2045 14.476500
2046 14.459000
2047 13.705300
2048 14.627100
2049 14.474600
2050 13.869700
2051 14.356700
2052 14.888700
2053 13.715200
2054 14.618300
2055 14.627900
2056 13.912000
2057 14.464600
2058 14.596600
2059 13.698100
2060 14.563400
2061 14.607100
2062 13.786700
2063 14.558900
2064 14.566100
2065 13.936400
2066 14.549200
2067 14.942400
2068 13.888300
2069 14.450600
2070 14.694700
2071 13.827800
2072 14.662000
2073 14.757900
2074 13.915800
2075 14.620100
2076 14.692500
2077 13.740500
2078 14.642500
2079 14.564500
2080 13.759700
2081 14.465600
2082 14.682200
2083 13.887800
2084 14.671200
2085 14.610600
2086 13.943300
2087 14.507500
2088 15.414000
2089 13.864400
2090 14.510500
2091 14.609900
2092 13.855600
2093 14.599200
2094 14.789600
2095 14.032000
2096 14.723900
2097 14.763400
2098 13.987300
2099 14.696600
2100 15.257300
2101 14.022900
2102 15.042700
2103 14.747800
2104 13.973000
2105 14.697800
2106 14.792200
2107 14.012900
2108 14.693900
2109 14.739900
2110 14.032600
2111 14.965500
2112 14.823000
2113 13.980900
2114 14.767600
2115 14.037800
2116 13.973200
2117 14.445000
2118 14.633700
2119 13.854300
2120 15.171700
2121 14.628400
2122 14.005800
2123 14.566600
2124 14.691400
2125 13.876800
2126 14.678800
2127 14.665400
2128 14.100800
2129 14.662500
2130 14.621800
2131 13.892700
2132 14.644700
2133 14.584800
2134 13.872100
2135 14.641500
2136 14.657200
2137 13.825500
2138 14.517400
2139 15.009600
2140 13.988600
2141 14.794200
2142 14.812000
2143 13.915800
2144 14.989200
2145 14.556600
2146 13.837600
2147 14.411400
2148 15.227900
2149 13.785100
2150 14.567500
2151 14.522000
2152 14.752600
2153 14.529600
2154 14.714600
2155 13.926400
2156 14.886500
2157 14.734100
2158 13.977200
2159 14.622800
2160 14.813800
2161 13.889800
2162 15.080700
2163 14.688600
2164 13.968400
2165 14.016400
2166 14.734000
2167 13.879900
2168 14.749600
2169 14.798900
2170 13.914600
2171 14.432900
2172 14.616800
2173 13.739300
2174 14.611000
2175 14.602700
2176 13.878700
2177 14.689100
2178 14.610000
2179 13.933000
2180 14.795900
2181 14.630900
2182 14.019300
2183 14.440800
2184 14.816600
2185 14.329400
2186 15.001600
2187 14.749600
2188 13.963200
2189 14.690500
2190 14.951300
2191 13.994900
2192 14.831500
2193 14.764500
2194 14.061600
2195 14.732800
2196 14.876800
2197 13.961700
2198 14.803600
2199 14.806600
2200 14.023900
2201 14.604100
2202 15.005800
2203 13.963500
2204 14.705000
2205 14.792400
2206 14.062100
2207 14.729800
2208 14.842000
2209 13.914000
2210 14.709200
2211 14.747600
2212 13.982800
2213 14.649600
2214 14.931200
2215 13.800000
2216 13.866500
2217 14.550100
2218 13.840500
2219 14.574300
2220 14.668100
2221 13.833700
2222 14.708700
2223 14.605200
2224 13.974100
2225 14.642400
2226 14.862200
2227 13.909000
2228 14.760900
2229 14.690200
2230 14.035700
2231 14.771300
2232 14.797000
2233 13.911200
2234 14.763200
2235 15.414600
2236 14.224600
2237 14.661100
2238 14.602400
2239 13.874500
2240 14.767200
2241 14.794800
2242 14.066500
2243 14.718800
2244 14.763900
2245 13.834000
2246 14.584700
2247 14.710800
2248 13.916900
2249 14.623700
2250 14.663400
2251 13.674200
2252 14.903900
2253 14.656100
2254 14.066500
2255 14.723900
2256 14.805400
2257 14.364400
2258 14.831200
2259 14.781000
2260 13.984300
2261 14.589500
2262 14.735000
2263 13.879400
2264 14.803400
2265 14.675700
2266 14.617200
2267 14.887400
2268 14.857800
2269 14.079900
2270 14.862000
2271 14.925400
2272 14.741000
2273 14.818400
2274 14.860600
2275 14.043300
2276 14.573400
2277 14.850500
2278 13.955000
2279 14.643100
2280 14.625600
2281 13.838700
2282 14.625400
2283 14.745500
2284 13.896900
2285 15.229600
2286 14.774400
2287 14.038400
2288 14.656100
2289 14.596100
2290 14.061700
2291 14.712700
2292 14.888400
2293 14.491300
2294 14.762500
2295 14.677200
2296 13.996300
2297 14.666900
2298 14.742100
2299 13.779900
2300 14.841900
2301 14.729900
2302 14.118100
2303 14.751600
2304 14.788000
2305 14.053900
2306 14.847100
2307 14.868500
2308 14.138100
2309 14.721900
2310 14.759100
2311 13.903100
2312 14.671000
2313 14.727500
2314 13.921200
2315 14.723500
2316 14.688300
2317 14.122500
2318 14.745700
2319 14.770400
2320 14.172500
2321 14.753100
2322 14.811700
2323 13.973300
2324 14.817700
2325 15.211500
2326 14.154000
2327 14.787300
2328 14.854100
2329 13.977500
2330 14.788600
2331 14.892500
2332 13.892000
2333 14.649200
2334 14.904900
2335 14.029800
2336 14.925300
2337 14.784900
2338 14.130500
2339 14.790600
2340 14.798900
2341 14.395800
2342 14.721100
2343 14.841300
2344 14.033300
2345 14.790200
2346 14.880800
2347 14.115700
2348 14.854700
2349 14.818200
2350 13.973500
2351 15.136400
2352 15.119500
2353 14.067300
2354 14.735600
2355 15.204000
2356 14.052100
2357 14.754300
2358 14.947800
2359 13.984600
2360 15.197900
2361 14.810700
2362 14.135100
2363 14.852500
2364 14.888500
2365 14.030200
2366 14.844600
2367 14.911700
2368 14.287500
2369 14.764400
2370 14.892000
2371 14.073700
2372 14.867900
2373 14.925300
2374 14.231400
2375 14.656500
2376 14.685100
2377 13.935600
2378 14.676300
2379 14.663500
2380 14.359000
2381 14.698200
2382 14.671600
2383 14.022800
2384 14.723200
2385 14.858600
2386 14.122900
2387 14.703900
2388 14.788200
2389 13.962800
2390 14.903200
2391 14.766700
2392 14.118500
2393 14.715400
2394 14.745400
2395 13.848600
2396 14.817700
2397 14.693000
2398 14.084300
2399 14.748100
2400 15.017200
2401 14.083400
2402 15.312500
2403 14.661400
2404 14.030500
2405 15.551600
2406 15.024600
2407 14.119700
2408 14.915300
2409 14.975600
2410 14.021900
2411 14.790900
2412 14.799500
2413 14.688500
2414 14.905700
2415 14.892500
2416 14.129300
2417 14.800000
2418 14.949500
2419 14.197600
2420 14.848600
2421 14.878500
2422 14.019300
2423 14.714600
2424 14.923000
2425 14.113500
2426 14.926600
2427 14.880800
2428 14.192900
2429 14.808200
2430 14.967100
2431 13.980900
2432 14.811100
2433 14.834700
2434 14.167300
2435 15.417700
2436 14.916100
2437 14.006700
2438 14.863100
2439 14.783900
2440 14.162900
2441 14.827900
2442 14.948900
2443 14.096600
2444 14.921400
2445 14.872600
2446 14.086500
2447 14.736500
2448 14.830700
2449 14.018500
2450 14.736600
2451 14.889100
2452 14.180000
2453 14.696100
2454 14.744300
2455 14.026800
2456 15.472200
2457 14.995100
2458 14.047600
2459 14.717000
2460 14.989900
2461 14.040700
2462 14.957500
2463 14.981700
2464 14.149800
2465 14.902100
2466 15.059300
2467 14.930300
2468 15.364600
2469 14.783700
2470 14.509400
2471 14.936700
2472 14.998900
2473 14.332900
2474 15.013800
2475 14.994100
2476 14.495200
2477 15.028700
2478 14.949400
2479 14.113900
2480 15.101400
2481 14.996000
2482 14.243500
2483 14.928900
2484 15.059900
2485 14.779100
2486 14.923000
2487 14.980800
2488 14.055100
2489 14.882600
2490 15.017600
2491 14.257400
2492 14.939200
2493 15.730600
2494 14.345100
2495 14.826800
2496 15.014700
2497 14.137000
2498 15.026100
2499 14.903500
2500 14.222400
2501 14.796200
2502 15.378300
2503 14.105500
2504 16.080800
2505 15.124400
2506 14.390900
2507 15.033700
2508 15.247200
2509 14.349200
2510 15.111000
2511 15.120400
2512 14.210500
2513 15.037500
2514 14.997800
2515 14.261200
2516 14.919100
2517 15.017300
2518 14.366000
2519 15.106500
2520 14.475800
2521 14.294700
2522 15.020900
2523 15.523900
2524 14.328900
2525 15.058400
2526 15.067800
2527 14.118700
2528 14.956000
2529 14.874400
2530 14.114900
2531 14.932100
2532 15.061200
2533 14.081400
2534 14.959900
2535 15.161400
2536 14.261600
2537 14.901200
2538 15.256300
2539 14.172600
2540 15.073400
2541 15.099000
2542 14.452200
2543 15.495200
2544 15.125600
2545 14.049700
2546 14.912800
2547 14.860900
2548 14.344500
2549 14.948200
2550 15.049400
2551 14.167100
2552 15.145900
2553 15.098800
2554 14.134300
2555 14.976700
2556 15.088000
2557 14.150500
2558 14.954500
2559 14.915200
2560 14.181700
2561 14.860100
2562 14.952100
2563 14.126900
2564 14.851000
2565 14.931300
2566 14.125500
2567 15.315400
2568 15.378700
2569 14.307800
2570 14.589000
2571 15.214300
2572 14.477200
2573 15.147500
2574 15.280600
2575 15.157400
2576 15.430200
2577 15.224200
2578 14.617000
2579 15.095000
2580 15.306900
2581 14.391800
2582 15.284600
2583 15.274700
2584 14.497100
2585 15.219200
2586 15.173800
2587 14.398900
2588 15.240700
2589 15.346900
2590 14.623700
2591 15.145500
2592 15.305700
2593 14.626300
2594 15.476600
2595 15.762600
2596 14.556300
2597 15.295800
2598 15.705500
2599 14.667000
2600 15.496800
2601 15.535300
2602 14.852800
2603 15.371100
2604 15.510100
2605 14.679600
2606 15.425200
2607 15.436200
2608 14.640700
2609 15.367500
2610 15.475000
2611 14.456100
2612 15.378000
2613 15.415400
2614 14.688700
2615 15.337000
2616 15.443700
2617 14.594700
2618 16.132500
2619 15.543500
2620 14.871500
2621 15.466200
2622 15.466200
2623 14.647300
2624 15.472600
2625 15.352400
2626 14.576000
2627 15.404400
2628 15.497400
2629 14.652000
2630 15.725800
2631 15.377300
2632 14.864200
2633 15.305000
2634 15.532500
2635 14.764900
2636 15.577200
2637 15.626600
2638 14.867100
2639 15.459700
2640 15.447300
2641 14.769500
2642 15.645500
2643 15.373300
2644 14.760800
2645 15.380000
2646 15.476400
2647 14.603700
2648 15.598700
2649 15.424300
2650 14.852900
2651 15.420000
2652 15.671000
2653 14.649200
2654 15.491000
2655 15.493100
2656 15.049500
2657 15.445900
2658 15.800700
2659 14.794600
2660 15.473500
2661 15.461300
2662 14.705200
2663 15.362900
2664 15.471600
2665 14.667000
2666 15.404900
2667 15.404200
2668 14.636800
2669 15.401500
2670 14.921400
2671 14.706100
2672 15.444600
2673 15.320200
2674 15.058000
2675 15.439800
2676 15.969100
2677 14.780400
2678 15.535000
2679 15.537000
2680 14.813400
2681 15.442200
2682 15.642300
2683 14.681700
2684 15.569000
2685 15.934700
2686 14.779000
2687 15.340000
2688 15.622500
2689 14.761900
2690 15.525800
2691 15.520800
2692 14.827300
2693 15.607100
2694 15.568000
2695 14.763900
2696 15.586900
2697 15.611800
2698 14.870700
2699 15.580200
2700 15.621800
2701 14.769500
2702 15.696100
2703 15.626200
2704 14.735100
2705 15.471000
2706 15.485200
2707 14.723200
2708 15.512200
2709 15.553000
2710 14.823800
2711 15.456500
2712 15.536100
2713 14.731700
2714 15.482000
2715 15.466900
2716 14.739000
2717 15.413300
2718 15.357900
2719 14.459300
2720 14.753600
2721 15.389300
2722 14.624300
2723 15.279000
2724 15.341700
2725 14.518800
2726 15.306200
2727 15.359800
2728 14.556800
2729 15.372900
2730 15.333000
2731 14.679400
2732 15.470800
2733 15.441000
2734 14.745400
2735 15.606700
2736 15.595300
2737 14.733200
2738 15.484300
2739 15.536500
2740 14.561900
2741 15.314300
2742 15.355600
2743 14.621600
2744 15.498100
2745 15.398300
2746 14.631300
2747 15.431000
2748 15.594200
2749 14.544800
2750 15.781200
2751 15.484100
2752 14.745900
2753 15.374900
2754 15.519800
2755 14.752600
2756 15.587400
2757 15.554400
2758 14.789200
2759 15.593000
2760 15.627800
2761 14.718900
2762 15.384500
2763 15.454100
2764 14.693500
2765 15.417300
2766 15.598700
2767 14.658300
2768 15.397300
2769 15.397600
2770 14.730300
2771 14.716600
2772 15.537600
2773 14.851800
2774 15.422200
2775 15.597900
2776 14.797600
2777 15.494400
2778 15.594100
2779 14.710200
2780 15.398500
2781 15.492600
2782 14.573500
2783 15.395000
2784 15.467700
2785 14.702300
2786 15.582100
2787 15.326900
2788 14.694300
2789 15.374000
2790 15.526500
2791 14.581400
2792 15.385400
2793 15.453100
2794 14.765200
2795 15.491600
2796 15.430300
2797 14.686000
2798 15.443700
2799 15.546100
2800 14.780200
2801 15.553200
2802 15.816700
2803 14.755600
2804 15.592800
2805 15.768300
2806 14.775000
2807 15.755500
2808 15.584700
2809 14.716200
2810 15.510600
2811 15.473300
2812 14.783400
2813 15.366000
2814 15.404700
2815 14.650600
2816 15.392700
2817 16.259600
2818 14.950700
2819 15.391900
2820 15.613200
2821 14.875200
2822 15.567800
2823 15.555300
2824 15.015800
2825 15.537300
2826 15.718700
2827 14.712800
2828 15.608100
2829 15.631900
2830 14.707600
2831 15.418400
2832 15.556700
2833 14.685600
2834 15.532100
2835 15.598200
2836 14.726200
2837 15.356500
2838 15.438100
2839 14.592400
2840 15.426600
2841 15.597300
2842 14.646200
2843 15.383900
2844 15.552800
2845 14.722400
2846 15.567900
2847 15.595800
2848 14.852500
2849 15.456700
2850 15.642800
2851 14.842900
2852 16.048300
2853 15.618700
2854 14.891000
2855 15.548000
2856 15.866600
2857 14.930900
2858 15.622300
2859 15.517100
2860 14.815100
2861 15.412600
2862 15.623400
2863 14.762800
2864 15.567100
2865 15.715800
2866 14.650300
2867 15.528700
2868 15.586800
2869 14.793800
2870 15.531800
2871 15.510300
2872 14.899400
2873 15.652200
2874 15.502400
2875 14.784900
2876 15.571200
2877 15.621400
2878 14.826700
2879 15.627400
2880 15.684900
2881 14.825700
2882 15.943700
2883 15.594000
2884 14.974000
2885 15.373900
2886 15.509500
2887 14.654300
2888 15.509000
2889 15.430100
2890 14.820200
2891 15.318000
2892 15.572100
2893 14.710200
2894 15.530700
2895 15.464300
2896 14.773100
2897 15.433800
2898 15.646500
2899 14.748300
2900 15.604400
2901 15.426500
2902 15.216000
2903 15.469300
2904 15.510000
2905 14.680300
2906 15.484800
2907 15.586500
2908 14.959600
2909 15.610100
2910 15.481500
2911 14.656200
2912 15.530600
2913 15.512200
2914 14.843500
2915 15.407600
2916 15.591200
2917 14.704300
2918 15.584800
2919 15.561300
2920 14.758300
2921 15.496000
2922 15.580700
2923 14.793100
2924 15.711300
2925 15.560500
2926 14.982500
2927 15.399100
2928 15.582600
2929 14.664200
2930 15.974500
2931 15.595500
2932 14.859700
2933 15.531900
2934 15.585500
2935 15.316700
2936 15.768100
2937 15.640000
2938 14.811800
2939 15.664000
2940 15.845700
2941 14.886100
2942 15.747900
2943 15.739900
2944 14.995100
2945 15.572300
2946 15.553800
2947 15.068600
2948 15.680700
2949 15.598200
2950 15.047100
2951 15.709100
2952 15.832400
2953 15.045100
2954 16.031500
2955 15.589900
2956 14.806100
2957 15.421300
2958 15.608000
2959 14.874500
2960 15.579600
2961 15.548900
2962 14.856300
2963 15.447300
2964 15.734700
2965 14.836900
2966 15.509600
2967 15.554000
2968 14.753900
2969 15.476300
2970 15.686500
2971 14.801500
2972 15.557000
2973 15.065700
2974 14.883800
2975 15.502200
2976 15.554400
2977 14.728600
2978 15.571100
2979 15.685700
2980 14.797500
2981 15.741900
2982 15.759300
2983 14.947100
2984 15.834900
2985 15.989800
2986 15.147200
2987 15.735400
2988 15.847800
2989 14.993200
2990 15.673500
2991 15.633100
2992 15.071200
2993 15.553200
2994 15.640800
2995 14.786700
2996 15.933800
2997 15.589100
2998 14.841300
2999 15.630000
3000 15.768000
3001 14.901000
3002 16.080300
3003 15.863500
3004 14.944800
3005 15.687800
3006 15.714300
3007 14.859700
3008 15.675000
3009 15.754600
3010 15.082500
3011 15.634900
3012 15.730100
3013 14.909800
3014 15.755600
3015 15.738200
3016 14.921200
3017 15.628600
3018 15.704100
3019 15.001000
3020 15.668900
3021 15.562000
3022 15.025200
3023 15.022900
3024 15.810100
3025 14.915100
3026 15.622500
3027 15.641100
3028 14.919900
3029 15.536700
3030 15.873300
3031 14.777400
3032 15.653800
3033 15.640100
3034 14.942600
3035 15.665600
3036 15.882600
3037 14.871700
3038 15.720000
3039 15.663900
3040 14.986300
3041 15.643600
3042 15.744700
3043 14.868400
3044 15.639300
3045 15.628400
3046 14.725100
3047 15.535500
3048 15.587500
3049 14.731200
3050 15.563600
3051 15.578700
3052 15.139100
3053 15.633300
3054 15.717800
3055 15.035300
3056 15.732700
3057 16.161900
3058 15.029300
3059 15.663200
3060 15.763700
3061 15.001800
3062 15.725500
3063 15.728500
3064 14.952200
3065 15.472200
3066 15.593300
3067 14.770900
3068 15.609200
3069 15.700300
3070 15.053500
3071 15.619700
3072 15.648600
3073 15.614200
3074 15.696200
3075 16.483600
3076 15.087400
3077 15.702500
3078 15.792700
3079 14.982300
3080 16.197400
3081 15.796700
3082 14.994000
3083 15.690300
3084 15.812300
3085 15.026200
3086 15.790500
3087 15.766100
3088 14.999600
3089 15.692900
3090 16.185000
3091 15.113000
3092 15.856900
3093 15.757700
3094 15.037300
3095 16.144500
3096 15.839100
3097 15.035500
3098 15.763700
3099 15.776000
3100 15.471600
3101 15.879500
3102 16.032600
3103 14.744100
3104 15.699200
3105 15.840500
3106 15.045500
3107 15.760500
3108 16.237000
3109 14.984900
3110 15.799100
3111 15.747900
3112 15.042900
3113 15.684000
3114 15.877000
3115 14.995000
3116 15.605200
3117 15.757700
3118 14.923100
3119 15.639700
3120 15.875000
3121 15.054000
3122 15.667800
3123 15.061100
3124 14.912600
3125 15.861300
3126 15.779700
3127 14.950600
3128 15.715800
3129 15.735400
3130 15.075100
3131 15.722400
3132 16.153400
3133 14.976500
3134 15.735600
3135 15.725200
3136 14.872100
3137 15.558900
3138 15.665700
3139 14.824400
3140 15.653400
3141 15.529600
3142 14.908200
3143 15.521000
3144 16.421900
3145 15.380800
3146 15.896100
3147 15.745400
3148 15.100500
3149 15.686600
3150 15.776300
3151 14.965300
3152 15.804900
3153 15.774200
3154 15.002400
3155 16.092900
3156 15.843600
3157 14.899400
3158 15.744600
3159 15.907000
3160 15.051400
3161 15.714900
3162 15.767000
3163 14.910200
3164 15.721500
3165 15.923000
3166 15.020100
3167 15.688900
3168 15.752800
3169 14.913500
3170 15.650300
3171 15.688700
3172 14.830000
3173 14.911000
3174 15.637300
3175 14.870100
3176 15.689200
3177 15.883700
3178 14.898600
3179 15.477400
3180 15.784600
3181 14.924200
3182 15.719100
3183 15.837100
3184 15.084200
3185 15.910900
3186 15.721400
3187 14.817500
3188 15.597800
3189 15.650100
3190 14.842800
3191 15.614000
3192 15.628700
3193 14.695800
3194 15.522800
3195 15.721000
3196 14.875300
3197 15.569500
3198 15.752500
3199 14.891700
3200 15.607700
3201 15.628200
3202 15.178000
3203 15.485900
3204 15.691500
3205 14.737500
3206 15.471100
3207 15.569400
3208 14.843600
3209 15.609300
3210 15.716800
3211 14.787400
3212 15.661700
3213 15.642900
3214 14.917600
3215 15.726600
3216 15.836300
3217 14.907800
3218 15.706400
3219 15.672100
3220 15.598700
3221 15.844400
3222 15.659300
3223 14.991700
3224 15.523000
3225 15.659000
3226 14.842000
3227 15.664200
3228 15.568200
3229 14.724300
3230 16.407600
3231 15.703800
3232 14.857600
3233 15.504700
3234 15.663300
3235 15.016500
3236 15.837400
3237 15.726700
3238 15.048800
3239 16.042900
3240 15.768900
3241 14.773200
3242 15.644000
3243 15.591500
3244 15.066300
3245 15.520800
3246 15.713000
3247 14.867400
3248 15.679400
3249 15.681400
3250 14.941900
3251 15.556500
3252 15.906000
3253 14.822900
3254 15.524500
3255 15.721400
3256 14.819100
3257 15.634200
3258 15.555300
3259 14.766200
3260 15.659000
3261 16.015900
3262 14.919700
3263 15.639100
3264 15.755600
3265 14.967000
3266 15.790900
3267 15.888800
3268 15.025100
3269 15.739800
3270 15.668600
3271 14.824900
3272 15.633300
3273 15.660600
3274 15.700000
3275 15.698000
3276 15.837100
3277 14.831900
3278 15.835600
3279 15.706900
3280 15.203100
3281 15.617700
3282 15.734300
3283 14.817300
3284 15.674800
3285 16.382000
3286 15.441100
3287 15.726500
3288 15.744600
3289 14.917200
3290 15.737200
3291 15.999500
3292 14.838700
3293 15.697000
3294 15.772900
3295 14.958300
3296 15.753200
3297 16.067300
3298 14.927200
3299 15.677800
3300 15.886700
3301 15.036900
3302 15.903900
3303 15.835000
3304 15.098500
3305 15.783200
3306 15.839700
3307 14.993100
3308 16.038300
3309 15.820100
3310 15.284600
3311 15.620000
3312 15.794300
3313 14.826000
3314 15.811900
3315 15.969800
3316 15.143600
3317 15.588800
3318 15.785100
3319 14.977300
3320 15.829300
3321 16.528500
3322 15.165300
3323 15.824400
3324 15.303300
3325 15.152500
3326 16.295700
3327 16.440900
3328 15.146600
3329 15.850600
3330 15.943500
3331 15.058400
3332 15.913200
3333 15.952300
3334 15.233700
3335 16.328600
3336 15.996800
3337 15.157700
3338 15.909300
3339 15.947900
3340 15.202300
3341 15.825700
3342 15.945900
3343 15.164100
3344 15.902300
3345 15.774900
3346 15.098600
3347 15.743100
3348 16.091300
3349 15.003800
3350 15.799200
3351 15.896900
3352 15.285000
3353 16.096300
3354 15.785600
3355 15.180400
3356 15.879600
3357 15.919400
3358 15.218800
3359 15.842800
3360 15.965300
3361 15.166300
3362 15.932400
3363 15.926600
3364 15.162500
3365 15.864600
3366 15.929700
3367 15.167600
3368 15.962800
3369 15.923400
3370 15.189100
3371 15.885900
3372 16.617500
3373 15.223700
3374 15.932300
3375 15.288200
3376 15.172700
3377 15.895300
3378 16.083800
3379 15.170100
3380 15.963900
3381 15.858700
3382 15.165500
3383 15.804400
3384 16.035100
3385 15.141500
3386 15.862400
3387 15.950400
3388 15.172400
3389 15.899700
3390 15.925500
3391 15.081700
3392 15.757000
3393 15.921600
3394 15.024900
3395 16.265700
3396 16.325700
3397 15.507300
3398 16.208600
3399 16.612500
3400 15.110700
3401 16.004500
3402 16.083500
3403 15.091900
3404 15.733300
3405 15.968400
3406 15.180300
3407 15.911100
3408 15.943400
3409 15.092400
3410 15.931300
3411 15.933100
3412 15.248900
3413 15.943800
3414 16.003800
3415 15.218800
3416 16.004400
3417 16.060800
3418 15.332200
3419 15.914800
3420 15.957500
3421 14.972300
3422 15.821800
3423 15.827200
3424 15.076500
3425 15.788300
3426 15.249900
3427 15.108400
3428 15.969800
3429 15.908200
3430 15.231900
3431 15.826700
3432 15.973200
3433 15.076100
3434 15.921200
3435 16.041300
3436 15.621000
3437 15.817700
3438 15.896400
3439 15.069300
3440 15.878400
3441 16.069700
3442 15.291400
3443 15.959400
3444 16.085000
3445 15.129700
3446 15.921600
3447 15.963300
3448 15.140700
3449 15.815300
3450 15.953000
3451 15.036500
3452 16.527300
3453 15.731600
3454 15.187100
3455 15.815200
3456 15.926300
3457 15.051700
3458 15.928300
3459 15.905200
3460 15.278700
3461 15.844800
3462 15.969300
3463 15.089600
3464 15.933900
3465 15.898800
3466 15.176800
3467 15.844300
3468 15.979200
3469 15.153700
3470 15.995800
3471 15.926900
3472 15.213700
3473 15.837600
3474 15.941400
3475 15.172000
3476 15.906300
3477 15.292000
3478 15.198700
3479 15.827100
3480 15.960600
3481 15.497500
3482 15.861300
3483 15.980700
3484 15.168200
3485 15.908700
3486 16.089800
3487 15.204200
3488 15.928700
3489 15.851500
3490 15.424500
3491 15.817800
3492 16.017800
3493 15.102700
3494 15.883200
3495 15.939300
3496 15.169100
3497 15.817400
3498 16.022900
3499 15.173300
3500 15.969300
3501 16.635300
3502 15.348800
3503 15.908800
3504 16.069400
3505 15.221300
3506 16.026400
3507 16.013100
3508 15.273000
3509 15.954500
3510 16.043400
3511 15.246400
3512 16.360900
3513 16.065400
3514 15.304600
3515 15.912100
3516 15.948200
3517 15.090000
3518 16.015400
3519 15.952700
3520 15.393000
3521 16.026900
3522 16.176200
3523 15.342700
3524 16.171900
3525 16.262400
3526 15.339000
3527 15.976700
3528 15.405100
3529 15.213700
3530 15.993700
3531 16.077200
3532 15.304000
3533 15.889500
3534 15.942300
3535 15.059800
3536 16.419700
3537 15.914200
3538 15.116600
3539 15.924300
3540 15.946800
3541 15.138500
3542 15.969000
3543 15.975600
3544 15.198000
3545 15.887400
3546 15.993400
3547 15.207400
3548 15.961600
3549 15.988300
3550 15.246100
3551 16.048800
3552 16.216200
3553 15.234500
3554 15.957300
3555 16.017200
3556 15.291700
3557 15.992100
3558 16.064900
3559 15.211500
3560 16.368900
3561 15.962600
3562 15.269200
3563 16.351800
3564 16.054900
3565 15.143300
3566 16.145100
3567 16.748800
3568 15.435700
3569 16.051000
3570 16.223800
3571 15.318700
3572 16.117700
3573 16.137600
3574 15.480600
3575 16.016300
3576 16.095100
3577 15.262100
3578 15.405700
3579 16.146300
3580 15.241600
3581 15.990400
3582 15.990700
3583 15.184900
3584 15.923600
3585 16.051700
3586 15.338000
3587 15.927700
3588 16.011700
3589 15.140000
3590 16.210500
3591 15.833100
3592 15.151100
3593 15.783300
3594 15.869800
3595 14.932500
3596 15.902200
3597 15.837100
3598 15.185300
3599 15.730900
3600 15.922500
3601 15.141300
3602 16.217000
3603 16.228200
3604 15.128300
3605 15.979900
3606 15.993100
3607 15.161800
3608 15.995100
3609 15.959900
3610 15.149800
3611 16.129300
3612 16.047600
3613 15.153900
3614 15.874100
3615 15.902200
3616 15.160900
3617 15.925700
3618 15.963500
3619 15.116100
3620 15.854100
3621 15.855800
3622 15.240600
3623 15.818500
3624 16.018800
3625 15.093100
3626 15.853300
3627 15.915500
3628 15.232500
3629 15.206000
3630 15.978900
3631 15.103500
3632 15.871000
3633 15.849800
3634 15.638900
3635 15.801400
3636 15.935700
3637 15.051500
3638 15.880600
3639 15.901900
3640 15.207700
3641 15.842900
3642 15.897600
3643 15.063300
3644 15.903800
3645 15.931300
3646 15.256200
3647 15.783900
3648 15.911600
3649 15.075400
3650 15.939100
3651 15.907400
3652 15.255400
3653 15.853600
3654 15.876000
3655 15.081000
3656 15.984400
3657 15.859600
3658 15.181100
3659 15.825200
3660 15.946300
3661 15.091800
3662 15.937200
3663 15.912000
3664 15.171300
3665 15.638200
3666 15.840700
3667 14.920100
3668 15.828500
3669 15.968000
3670 15.284300
3671 15.824600
3672 15.862000
3673 15.098000
3674 15.791700
3675 15.937600
3676 15.189200
3677 15.857100
3678 15.924900
3679 15.266200
3680 15.735300
3681 15.782100
3682 15.005100
3683 15.895600
3684 15.699200
3685 15.344800
3686 16.550500
3687 15.857600
3688 15.051200
3689 15.901200
3690 15.946600
3691 15.189400
3692 15.903000
3693 16.013000
3694 15.235400
3695 15.883200
3696 16.048800
3697 15.822900
3698 16.072300
3699 16.046700
3700 15.335100
3701 16.033200
3702 16.217200
3703 15.468200
3704 16.010600
3705 15.980700
3706 15.240700
3707 15.950400
3708 16.196900
3709 15.204000
3710 15.981900
3711 15.943600
3712 15.283400
3713 16.143500
3714 16.000900
3715 15.156400
3716 15.820200
3717 16.035400
3718 15.145700
3719 15.903800
3720 16.051400
3721 15.110200
3722 15.932400
3723 15.904500
3724 15.200100
3725 16.059700
3726 16.024400
3727 15.261900
3728 15.981900
3729 16.010600
3730 15.460900
3731 15.922600
3732 16.005500
3733 15.201900
3734 16.029500
3735 15.942500
3736 15.403100
3737 15.844700
3738 15.889300
3739 15.123400
3740 16.508000
3741 16.108200
3742 15.321100
3743 15.969400
3744 16.031100
3745 15.258300
3746 15.981300
3747 16.079200
3748 15.286700
3749 15.968600
3750 16.047900
3751 15.318400
3752 16.217600
3753 15.978400
3754 15.196300
3755 15.904900
3756 15.956400
3757 15.107500
3758 15.954500
3759 15.944700
3760 15.378700
3761 15.934200
3762 15.981600
3763 14.980200
3764 15.882300
3765 15.983300
3766 15.195800
3767 15.898100
3768 15.925700
3769 15.157200
3770 15.887900
3771 15.923200
3772 15.136400
3773 15.818600
3774 15.958700
3775 15.075900
3776 15.902900
3777 15.872700
3778 15.185200
3779 15.952800
3780 16.011600
3781 15.225100
3782 15.860100
3783 15.880400
3784 15.147200
3785 15.970600
3786 16.373200
3787 15.116700
3788 15.863000
3789 15.897000
3790 15.139200
3791 15.794100
3792 15.873500
3793 15.028400
3794 15.790300
3795 16.164100
3796 15.215800
3797 16.018400
3798 16.017300
3799 15.128000
3800 15.929800
3801 16.059100
3802 15.349700
3803 15.887800
3804 15.962100
3805 15.121200
3806 15.915900
3807 15.900400
3808 15.131400
3809 15.819900
3810 15.933800
3811 15.107900
3812 15.873600
3813 15.872800
3814 15.125400
3815 15.884700
3816 15.901800
3817 15.126100
3818 15.991500
3819 15.983900
3820 15.218700
3821 15.816600
3822 15.931300
3823 15.034500
3824 15.822000
3825 15.885900
3826 15.148800
3827 15.837800
3828 15.892100
3829 15.059100
3830 16.020600
3831 15.924800
3832 15.235600
3833 15.767500
3834 15.863500
3835 15.452600
3836 15.789900
3837 15.965100
3838 15.107900
3839 15.783100
3840 15.854400
3841 15.098300
3842 15.913400
3843 15.850700
3844 15.180200
3845 15.760300
3846 16.265300
3847 15.020200
3848 15.863100
3849 15.846700
3850 15.132300
3851 16.167400
3852 16.019100
3853 15.110600
3854 15.817600
3855 15.843900
3856 15.060700
3857 15.778900
3858 15.865700
3859 15.119500
3860 15.846900
3861 15.813400
3862 15.089200
3863 15.723100
3864 15.834800
3865 15.092500
3866 15.851800
3867 15.782300
3868 15.025000
3869 15.675300
3870 16.070200
3871 14.983300
3872 15.765000
3873 15.733800
3874 15.037200
3875 15.738600
3876 15.876600
3877 15.101500
3878 15.757700
3879 15.869300
3880 15.548200
3881 15.792600
3882 16.560000
3883 15.156100
3884 15.762900
3885 15.825900
3886 15.083300
3887 15.748000
3888 15.851000
3889 14.965900
3890 15.717000
3891 15.827900
3892 15.126000
3893 15.856700
3894 15.886800
3895 15.124200
3896 15.828300
3897 15.936700
3898 15.085500
3899 15.761400
3900 15.741500
3901 14.921700
3902 15.845700
3903 15.678200
3904 15.176700
3905 15.623300
3906 15.759200
3907 14.884200
3908 15.813300
3909 15.664900
3910 14.970900
3911 15.533700
3912 15.762000
3913 15.654600
3914 15.893100
3915 16.154000
3916 16.067700
3917 15.891000
3918 16.001500
3919 15.029700
3920 15.704300
3921 15.694800
3922 14.912200
3923 15.624300
3924 15.837200
3925 14.980600
3926 15.766200
3927 15.757200
3928 15.009000
3929 15.665000
3930 15.770400
3931 15.001100
3932 15.697300
3933 15.683000
3934 15.039400
3935 15.708100
3936 15.917800
3937 14.913300
3938 15.639800
3939 15.615900
3940 14.938300
3941 15.656400
3942 15.645600
3943 14.852700
3944 15.783900
3945 15.596900
3946 14.867700
3947 15.532400
3948 15.693400
3949 14.819000
3950 15.597500
3951 15.778800
3952 15.036000
3953 15.592000
3954 15.731400
3955 14.857400
3956 15.622000
3957 15.597900
3958 14.899500
3959 15.578800
3960 15.637700
3961 14.824800
3962 15.579500
3963 15.612900
3964 14.916000
3965 15.535100
3966 15.635900
3967 14.841700
3968 15.603500
3969 15.693900
3970 14.912900
3971 15.472100
3972 15.646600
3973 14.605400
3974 15.562100
3975 15.702400
3976 14.909100
3977 15.467500
3978 15.641200
3979 14.778500
3980 15.715500
3981 15.559000
3982 14.842700
3983 16.163200
3984 15.086400
3985 14.921600
3986 15.829600
3987 15.681900
3988 14.904500
3989 15.547900
3990 15.703100
3991 14.814300
3992 15.711400
3993 15.682400
3994 14.911400
3995 15.521100
3996 15.701400
3997 14.759600
3998 15.530500
3999 15.519500
4000 14.855400
4001 15.771300
4002 15.802600
4003 14.962600
4004 15.587800
4005 15.614300
4006 14.912300
4007 15.585200
4008 15.635800
4009 14.808800
4010 15.587900
4011 15.565200
4012 14.870600
4013 15.510600
4014 16.211300
4015 14.701800
4016 15.658200
4017 15.469700
4018 14.720000
4019 15.499300
4020 15.733800
4021 14.794900
4022 15.559200
4023 15.566200
4024 14.816500
4025 15.495300
4026 15.506600
4027 14.991100
4028 15.563500
4029 15.627400
4030 14.872200
4031 15.764000
4032 15.637400
4033 14.708700
4034 15.579500
4035 15.636100
4036 15.088400
4037 15.664800
4038 15.802400
4039 14.822600
4040 15.611000
4041 15.618400
4042 14.825200
4043 15.937000
4044 15.640000
4045 14.873600
4046 15.504600
4047 15.498100
4048 14.939900
4049 15.499200
4050 15.714000
4051 15.247900
4052 15.668400
4053 15.608000
4054 14.913300
4055 15.517400
4056 15.641000
4057 14.833400
4058 15.564600
4059 15.656200
4060 15.459300
4061 15.603400
4062 15.625400
4063 14.884100
4064 15.577400
4065 15.771800
4066 15.016300
4067 15.693200
4068 15.784100
4069 14.870400
4070 14.970600
4071 15.006800
4072 14.951900
4073 14.877200
4074 15.156000
4075 14.880300
4076 14.991300
4077 15.006100
4078 14.937200
4079 14.951200
4080 15.070800
4081 14.951400
4082 14.978500
4083 14.949200
4084 14.952400
4085 14.912500
4086 15.173500
4087 15.022200
4088 14.995800
4089 14.924500
4090 14.823100
4091 14.725100
4092 14.805800
4093 14.881400
4094 14.909300
4095 15.036900
4096 14.874300
4097 14.834000
4098 14.976700
4099 14.739800
4100 14.781000
4101 15.819100
4102 15.169000
4103 14.714200
4104 14.843400
4105 14.722800
4106 14.776600
4107 14.786000
4108 14.794700
4109 14.756100
4110 14.836000
4111 14.660800
4112 14.804000
4113 14.812100
4114 14.785700
4115 14.732000
4116 14.788000
4117 14.532700
4118 14.721200
4119 14.664600
4120 14.827500
4121 14.700500
4122 14.822300
4123 15.080700
4124 14.830100
4125 14.880200
4126 14.791900
4127 14.701100
4128 14.802500
4129 14.660400
4130 14.768200
4131 14.740100
4132 14.715300
4133 14.817200
4134 15.348800
4135 14.790200
4136 14.659500
4137 15.095600
4138 14.794900
4139 14.746800
4140 14.890700
4141 14.894000
4142 14.855900
4143 15.230000
4144 14.835800
4145 14.671000
4146 14.733600
4147 14.686700
4148 14.776800
4149 14.799700
4150 14.709400
4151 14.920900
4152 15.178900
4153 14.766600
4154 14.947200
4155 14.921300
4156 14.825600
4157 14.811500
4158 14.911300
4159 14.730200
4160 14.905300
4161 14.702800
4162 14.703000
4163 14.696900
4164 14.736700
4165 14.662100
4166 14.758900
4167 14.780900
4168 14.632900
4169 14.954600
4170 15.348200
4171 15.229100
4172 14.961200
4173 14.949000
4174 15.060300
4175 14.999400
4176 15.077300
4177 14.970500
4178 14.889500
4179 14.945700
4180 14.922800
4181 14.868000
4182 14.983400
4183 14.859000
4184 14.908400
4185 15.008300
4186 15.000700
4187 14.900100
4188 15.424000
4189 14.763400
4190 14.840700
4191 14.853300
4192 14.827800
4193 14.729000
4194 14.934800
4195 14.689600
4196 14.964700
4197 14.844500
4198 14.758200
4199 15.399800
4200 14.975500
4201 14.725700
4202 15.025400
4203 14.867000
4204 14.782500
4205 15.476000
4206 14.958400
4207 14.718700
4208 14.864800
4209 14.819700
4210 14.797100
4211 15.167100
4212 14.800000
4213 14.665300
4214 14.775700
4215 14.667200
4216 14.648300
4217 14.651700
4218 14.674900
4219 14.467100
4220 14.819600
4221 14.808700
4222 14.849400
4223 14.764600
4224 14.846900
4225 14.683000
4226 14.848700
4227 14.899000
4228 15.104100
4229 14.722000
4230 14.779500
4231 14.644000
4232 14.809800
4233 15.454100
4234 14.763700
4235 14.870700
4236 14.951300
4237 14.866000
4238 14.932700
4239 15.213600
4240 14.838700
4241 14.798200
4242 14.896900
4243 14.794700
4244 14.904800
4245 15.553300
4246 14.897300
4247 14.785000
4248 14.871000
4249 14.789300
4250 14.733900
4251 14.896700
4252 14.882200
4253 14.660000
4254 14.694000
4255 14.772600
4256 14.864200
4257 14.789700
4258 14.791500
4259 14.747500
4260 15.568200
4261 14.791400
4262 14.898800
4263 14.690700
4264 14.746400
4265 14.650700
4266 14.767600
4267 14.685600
4268 14.744600
4269 14.824400
4270 14.846800
4271 14.748000
4272 14.799400
4273 14.768600
4274 14.717400
4275 14.838100
4276 14.844900
4277 14.730600
4278 14.812300
4279 14.659500
4280 14.756100
4281 14.780400
4282 14.782500
4283 14.690500
4284 14.789600
4285 14.656800
4286 14.752800
4287 14.895000
4288 14.698100
4289 14.743700
4290 14.913800
4291 14.621300
4292 15.069000
4293 14.754200
4294 14.700500
4295 14.672900
4296 14.828200
4297 14.616400
4298 14.783700
4299 14.698600
4300 14.655100
4301 14.658200
4302 14.817600
4303 14.602400
4304 14.730100
4305 14.687600
4306 14.607200
4307 14.599900
4308 14.723200
4309 14.791600
4310 14.671700
4311 15.071900
4312 14.587100
4313 14.624300
4314 14.673700
4315 14.592500
4316 14.604400
4317 14.637500
4318 14.708900
4319 14.888700
4320 14.648700
4321 14.536200
4322 14.754000
4323 14.586400
4324 14.541100
4325 14.509200
4326 14.666200
4327 14.503000
4328 14.613800
4329 14.593700
4330 14.496000
4331 14.396700
4332 14.583200
4333 14.461400
4334 14.436300
4335 14.522900
4336 14.410300
4337 14.442000
4338 14.651000
4339 14.402200
4340 14.494600
4341 14.623400
4342 14.640800
4343 14.528800
4344 14.637600
4345 14.530500
4346 14.617600
4347 14.703200
4348 14.652100
4349 14.492700
4350 15.025300
4351 14.946200
4352 14.697400
4353 14.590700
4354 14.588400
4355 14.510800
4356 14.628200
4357 14.455800
4358 14.579000
4359 14.633400
4360 14.553200
4361 14.459000
4362 14.586200
4363 14.544900
4364 14.588000
4365 14.566100
4366 14.577600
4367 14.712000
4368 14.667500
4369 14.513400
4370 14.675800
4371 14.557900
4372 14.516400
4373 14.504900
4374 14.639800
4375 14.498700
4376 15.229900
4377 14.647600
4378 14.553300
4379 14.475800
4380 14.561500
4381 14.512500
4382 14.559800
4383 14.718400
4384 14.375500
4385 14.510600
4386 14.585300
4387 14.508500
4388 14.588800
4389 14.558500
4390 15.118500
4391 14.578400
4392 14.599200
4393 14.504900
4394 14.539300
4395 14.550200
4396 14.517400
4397 14.463800
4398 14.690100
4399 14.467600
4400 14.630300
4401 14.613100
4402 14.644700
4403 14.478500
4404 14.657100
4405 14.479300
4406 14.573200
4407 14.547400
4408 14.584300
4409 14.490800
4410 14.651900
4411 14.438700
4412 14.561400
4413 14.563700
4414 14.540900
4415 14.932500
4416 14.601700
4417 14.473100
4418 14.543200
4419 14.584700
4420 14.500900
4421 14.552700
4422 14.627700
4423 14.449200
4424 14.627600
4425 14.540000
4426 14.542000
4427 14.547100
4428 14.664900
4429 14.425300
4430 14.562700
4431 14.555800
4432 14.571600
4433 14.483900
4434 14.636300
4435 14.495900
4436 14.442700
4437 14.571600
4438 14.606300
4439 14.532000
4440 14.771500
4441 14.594800
4442 14.521700
4443 14.614400
4444 14.533800
4445 14.394300
4446 14.543800
4447 14.367100
4448 14.407400
4449 14.611900
4450 14.465300
4451 14.776200
4452 14.713700
4453 14.331400
4454 14.396100
4455 14.645100
4456 14.567000
4457 14.465500
4458 14.567600
4459 14.438600
4460 14.479300
4461 14.596700
4462 14.434900
4463 14.375300
4464 14.677200
4465 14.589700
4466 14.523000
4467 14.517300
4468 14.601200
4469 14.411500
4470 14.576100
4471 14.370200
4472 14.942500
4473 14.540700
4474 14.478000
4475 14.485600
4476 14.536700
4477 14.381200
4478 14.543100
4479 14.977900
4480 14.439100
4481 14.443100
4482 14.602700
4483 14.373300
4484 14.604600
4485 14.526100
4486 14.387300
4487 14.848100
4488 14.520000
4489 14.477300
4490 14.498500
4491 14.619700
4492 14.445600
4493 14.430000
4494 14.541600
4495 14.464000
4496 14.577900
4497 14.506500
4498 14.490800
4499 14.441400
4500 14.629100
4501 14.523400
4502 14.626100
4503 14.528300
4504 14.487500
4505 14.455800
4506 14.620400
4507 14.377500
4508 14.634800
4509 14.653000
4510 14.814100
4511 14.420800
4512 14.543300
4513 14.328000
4514 14.423400
4515 14.331000
4516 14.376200
4517 14.363200
4518 14.491500
4519 14.328200
4520 14.441000
4521 14.494500
4522 14.219900
4523 14.470600
4524 14.481800
4525 14.401300
4526 14.460300
4527 14.487100
4528 14.422200
4529 14.447700
4530 14.590900
4531 14.379100
4532 14.480500
4533 14.482700
4534 14.475600
4535 14.523500
4536 14.533400
4537 14.578800
4538 14.573100
4539 14.909100
4540 15.234200
4541 14.544100
4542 14.624300
4543 14.425400
4544 14.455600
4545 14.554300
4546 14.401400
4547 14.394100
4548 14.580300
4549 14.570200
4550 14.506800
4551 14.545800
4552 14.504300
4553 14.372600
4554 14.496100
4555 15.025400
4556 14.471400
4557 14.492600
4558 14.392600
4559 14.400800
4560 14.861300
4561 14.307900
4562 14.408000
4563 14.451100
4564 14.370200
4565 14.367900
4566 14.479100
4567 14.371500
4568 14.630200
4569 14.514100
4570 14.421400
4571 14.409300
4572 14.527000
4573 14.353700
4574 14.599100
4575 14.568300
4576 14.492800
4577 14.444300
4578 14.632200
4579 14.783300
4580 14.473200
4581 14.451500
4582 14.431100
4583 14.411200
4584 14.455900
4585 14.379000
4586 14.389400
4587 14.468100
4588 14.374200
4589 14.356100
4590 14.513700
4591 14.336100
4592 14.380600
4593 14.493000
4594 14.352300
4595 14.370600
4596 14.405000
4597 14.126000
4598 14.455400
4599 14.472900
4600 14.758000
4601 14.524400
4602 14.789200
4603 14.482400
4604 14.467100
4605 14.431400
4606 14.483300
4607 14.362900
4608 14.416800
4609 14.335100
4610 14.771300
4611 14.592100
4612 14.313800
4613 14.346800
4614 14.432500
4615 14.349200
4616 14.398000
4617 14.430100
4618 14.331800
4619 14.329900
4620 14.582600
4621 14.743000
4622 14.509200
4623 14.437000
4624 14.429900
4625 14.353400
4626 14.414800
4627 14.290700
4628 14.470000
4629 14.388200
4630 14.446600
4631 14.275800
4632 14.309600
4633 14.212500
4634 14.236400
4635 14.405100
4636 14.337400
4637 14.426000
4638 14.388600
4639 14.318500
4640 14.572300
4641 14.309700
4642 14.304000
4643 14.307600
4644 14.382500
4645 14.395300
4646 14.367300
4647 14.342400
4648 14.373900
4649 14.322100
4650 14.246200
4651 14.397000
4652 14.415900
4653 14.949500
4654 14.223300
4655 14.328700
4656 14.386100
4657 14.631200
4658 14.383000
4659 14.405900
4660 14.311200
4661 14.244800
4662 14.278400
4663 14.236500
4664 14.418200
4665 14.371600
4666 14.302700
4667 14.233100
4668 14.796600
4669 14.334900
4670 14.403300
4671 14.362200
4672 14.282400
4673 14.242000
4674 14.421200
4675 14.258000
4676 14.364000
4677 14.366200
4678 14.352900
4679 14.356000
4680 14.484000
4681 14.629300
4682 14.995100
4683 14.373000
4684 14.311300
4685 14.360900
4686 14.476100
4687 14.441000
4688 14.383800
4689 14.404500
4690 14.493800
4691 14.288100
4692 14.367500
4693 14.551900
4694 14.346500
4695 14.485700
4696 14.289400
4697 14.290100
4698 14.724900
4699 14.235100
4700 14.351600
4701 14.484400
4702 14.423500
4703 14.246900
4704 14.357800
4705 14.203100
4706 14.295200
4707 14.324700
4708 14.549200
4709 14.240200
4710 14.465700
4711 14.184300
4712 14.392500
4713 14.271100
4714 14.238700
4715 14.260500
4716 14.359000
4717 14.148400
4718 14.300000
4719 14.403800
4720 14.250300
4721 14.212900
4722 14.283100
4723 14.249100
4724 14.287900
4725 14.334100
4726 14.253600
4727 14.347100
4728 13.886100
4729 13.739000
4730 13.764500
4731 13.740400
4732 13.634300
4733 14.102000
4734 14.285900
4735 14.159100
4736 16.224500
4737 16.657800
4738 16.208800
4739 16.077000
4740 16.246500
4741 15.941600
4742 15.950100
4743 16.031500
4744 16.059800
4745 15.869600
4746 16.345100
4747 15.659900
4748 16.303900
4749 15.882400
4750 15.984600
4751 15.962200
4752 16.115000
4753 15.841600
4754 15.978400
4755 15.930800
4756 15.937300
4757 15.843100
4758 15.948200
4759 15.826600
4760 15.854600
4761 15.888900
4762 15.761100
4763 15.700900
4764 15.716100
4765 16.426300
4766 15.892800
4767 16.050600
4768 15.921000
4769 15.855600
4770 15.592400
4771 15.424800
4772 15.518700
4773 16.060000
4774 15.408900
4775 15.181500
4776 15.274900
4777 15.142000
4778 15.308700
4779 15.109200
4780 14.940800
4781 14.647900
4782 14.792700
4783 15.004000
4784 15.069500
4785 15.215400
4786 14.862000
4787 15.110900
4788 14.890500
4789 14.743900
4790 14.854900
4791 14.922200
4792 12.814100
4793 12.791800
4794 12.879200
4795 12.840400
4796 12.695000
4797 12.773900
4798 12.626100
4799 12.873300
4800 12.771200
4801 12.654900
4802 12.843100
4803 12.719000
4804 12.666300
4805 12.893400
4806 12.862400
4807 12.548500
4808 12.746100
4809 12.676300
4810 12.699000
4811 12.626600
4812 12.731500
4813 12.483300
4814 12.772400
4815 12.584500
4816 13.290000
4817 13.200300
4818 12.934700
4819 12.753500
4820 12.802400
4821 12.842800
4822 12.698100
4823 12.694200
4824 12.672000
4825 12.829500
4826 12.756600
4827 12.752000
4828 12.848800
4829 12.800900
4830 13.269500
4831 12.695000
4832 12.754500
4833 12.778300
4834 12.719800
4835 12.727800
4836 12.837400
4837 12.624100
4838 12.691400
4839 12.740500
4840 12.710100
4841 12.634500
4842 12.772100
4843 12.601800
4844 12.684500
4845 12.690100
4846 12.761200
4847 12.621500
4848 12.761400
4849 12.566300
4850 12.709800
4851 12.565500
4852 12.862200
4853 12.619200
4854 12.672100
4855 12.564900
4856 12.835700
4857 12.645400
4858 12.562100
4859 12.583700
4860 15.319500
4861 15.006400
4862 12.513600
4863 12.542500
4864 12.734300
4865 12.864500
4866 12.599800
4867 12.485900
4868 12.624500
4869 12.557600
4870 12.551300
4871 12.450500
4872 12.849100
4873 12.557900
4874 12.670100
4875 12.531600
4876 12.621200
4877 12.841300
4878 12.649800
4879 13.615100
4880 12.865900
4881 12.660600
4882 12.694300
4883 12.735800
4884 12.732300
4885 12.761500
4886 12.582400
4887 12.524900
4888 12.622200
4889 12.433600
4890 12.641900
4891 12.536100
4892 12.445600
4893 12.293700
4894 12.429100
4895 12.431400
4896 12.484300
4897 12.363100
4898 12.434700
4899 12.343700
4900 12.459900
4901 12.677700
4902 12.701200
4903 12.351600
4904 12.414000
4905 12.382200
4906 12.750600
4907 12.398700
4908 12.699000
4909 12.372800
4910 12.384700
4911 12.323800
4912 12.416800
4913 12.395800
4914 12.740200
4915 12.367400
4916 12.390100
4917 12.334800
4918 12.403300
4919 12.337300
4920 12.296600
4921 12.271000
4922 12.219300
4923 12.647100
4924 12.285800
4925 12.398400
4926 12.332100
4927 12.412000
4928 12.466000
4929 12.407000
4930 12.440000
4931 12.315200
4932 12.327900
4933 12.275200
4934 12.391900
4935 12.280400
4936 13.125400
4937 12.224900
4938 12.282100
4939 12.329100
4940 12.348800
4941 12.270200
4942 12.346400
4943 12.258300
4944 12.225300
4945 12.172700
4946 12.247900
4947 12.173500
4948 12.276300
4949 12.193100
4950 12.148600
4951 12.368900
4952 12.166600
4953 12.164400
4954 12.199200
4955 12.218300
4956 12.179500
4957 12.145900
4958 12.242600
4959 12.100800
4960 12.152100
4961 12.160100
4962 12.265200
4963 12.286900
4964 12.296500
4965 12.193000
4966 12.251400
4967 12.161300
4968 12.192700
4969 12.445400
4970 12.178200
4971 12.387100
4972 12.462900
4973 12.075000
4974 12.419900
4975 12.191200
4976 12.170200
4977 12.368900
4978 12.347300
4979 12.227700
4980 12.384400
4981 12.372800
4982 12.150700
4983 12.263400
4984 12.422000
4985 12.201400
4986 12.764000
4987 12.531800
4988 12.195300
4989 12.434000
4990 12.440800
4991 12.220600
4992 12.672000
4993 12.354800
4994 12.121700
4995 12.223200
4996 12.231400
4997 12.459200
4998 12.377600
4999 12.209400
5000 12.100700
5001 12.259200
5002 12.337100
5003 12.031400
5004 12.421900
5005 12.308000
5006 12.159600
5007 12.180200
5008 12.355400
5009 12.217000
5010 12.396900
5011 12.358600
5012 12.234800
5013 12.317800
5014 12.257800
5015 12.095600
5016 12.319800
5017 12.299200
5018 12.086300
5019 12.317100
5020 12.325900
5021 12.134300
5022 12.258900
5023 12.208700
5024 11.986500
5025 12.130200
5026 12.337700
5027 12.040400
5028 12.214000
5029 12.285700
5030 11.953100
5031 12.219400
5032 12.224700
5033 11.933700
5034 12.318500
5035 12.288300
5036 12.213500
5037 12.226800
5038 12.348400
5039 11.991000
5040 12.255400
5041 12.188400
5042 12.185900
5043 12.147800
5044 12.375500
5045 11.964300
5046 12.373100
5047 12.227400
5048 12.233100
5049 12.300100
5050 12.373800
5051 12.201200
5052 12.355500
5053 12.335700
5054 12.165500
5055 12.281700
5056 12.321500
5057 12.077700
5058 12.488500
5059 12.366900
5060 11.998600
5061 12.270900
5062 12.283800
5063 12.032100
5064 12.324100
5065 12.293600
5066 12.072500
5067 12.276000
5068 12.304400
5069 12.064300
5070 12.317800
5071 12.209100
5072 11.943600
5073 12.144400
5074 12.161700
5075 11.822300
5076 12.212000
5077 12.072100
5078 12.147800
5079 12.111100
5080 12.294600
5081 11.877600
5082 12.281500
5083 12.171600
5084 12.061300
5085 12.139500
5086 12.447500
5087 11.903400
5088 12.206500
5089 12.040000
5090 11.854100
5091 12.278600
5092 12.151700
5093 12.175900
5094 12.007600
5095 12.004700
5096 11.739800
5097 12.006800
5098 12.063900
5099 12.139400
5100 12.094600
5101 12.341400
5102 11.882900
5103 11.956700
5104 12.137300
5105 11.897500
5106 12.110200
5107 12.096300
5108 11.850400
5109 12.610600
5110 12.190000
5111 11.775500
5112 12.083300
5113 11.988200
5114 12.082600
5115 11.898800
5116 12.159400
5117 11.856600
5118 12.241200
5119 12.264800
5120 11.856200
5121 11.922400
5122 12.124800
5123 11.869700
5124 12.024700
5125 12.132800
5126 11.880000
5127 12.301900
5128 12.115700
5129 11.850300
5130 12.110700
5131 12.004800
5132 11.876300
5133 12.145300
5134 12.136000
5135 11.832700
5136 12.069300
5137 12.031600
5138 11.967300
5139 11.995300
5140 11.967700
5141 11.742200
5142 12.067600
5143 11.946400
5144 12.034500
5145 11.915600
5146 12.109700
5147 11.754100
5148 12.022700
5149 11.929700
5150 12.356400
5151 12.137300
5152 12.654100
5153 11.854300
5154 12.206900
5155 12.096300
5156 11.954500
5157 12.064700
5158 12.139200
5159 11.879500
5160 11.931400
5161 11.904100
5162 11.866900
5163 12.011100
5164 12.100500
5165 12.194400
5166 12.082100
5167 12.041700
5168 11.773200
5169 12.105200
5170 12.168600
5171 11.918000
5172 12.166900
5173 12.154900
5174 11.989400
5175 12.090500
5176 12.110800
5177 11.944100
5178 12.117600
5179 11.976200
5180 11.883000
5181 11.896600
5182 12.201100
5183 11.817800
5184 12.163600
5185 12.086400
5186 12.461300
5187 12.218800
5188 12.370100
5189 11.927700
5190 12.178800
5191 12.118200
5192 11.970200
5193 12.092700
5194 12.139100
5195 11.908200
5196 12.183000
5197 12.107400
5198 11.950000
5199 12.091100
5200 12.123300
5201 12.034600
5202 12.101000
5203 12.060800
5204 11.924400
5205 12.020800
5206 12.082300
5207 11.904600
5208 12.136300
5209 11.932400
5210 11.825100
5211 11.866000
5212 12.031200
5213 11.750500
5214 12.047000
5215 11.893200
5216 11.724100
5217 11.927700
5218 12.114900
5219 11.746800
5220 12.044800
5221 11.861800
5222 11.805800
5223 11.988000
5224 11.997500
5225 11.590900
5226 11.974700
5227 12.078400
5228 11.722200
5229 12.024700
5230 12.156200
5231 11.749100
5232 11.981400
5233 11.950600
5234 11.969500
5235 12.043600
5236 11.979000
5237 11.787000
5238 12.031000
5239 11.927700
5240 11.574400
5241 11.842100
5242 11.977600
5243 11.660800
5244 11.987400
5245 11.859900
5246 11.688200
5247 11.761900
5248 11.818400
5249 11.606300
5250 12.010500
5251 11.983700
5252 11.822400
5253 11.737400
5254 11.780300
5255 11.657600
5256 11.853300
5257 11.798800
5258 11.695000
5259 11.766300
5260 11.875300
5261 11.636100
5262 11.818000
5263 11.984100
5264 11.628600
5265 11.706700
5266 11.779200
5267 11.650500
5268 11.957300
5269 11.892000
5270 11.669900
5271 11.838500
5272 11.913600
5273 11.708700
5274 11.957800
5275 12.522300
5276 11.750300
5277 11.826500
5278 11.947900
5279 11.654700
5280 11.746100
5281 11.713600
5282 11.659700
5283 11.715800
5284 12.013100
5285 11.673900
5286 11.957700
5287 11.896700
5288 11.765200
5289 11.827900
5290 11.973500
5291 11.605900
5292 11.852100
5293 11.791500
5294 11.584000
5295 11.718600
5296 11.762200
5297 11.498400
5298 11.820100
5299 11.713600
5300 11.551300
5301 12.079000
5302 11.640000
5303 11.499600
5304 11.768700
5305 11.764500
5306 11.477000
5307 11.786200
5308 11.804000
5309 11.554900
5310 11.778600
5311 11.591600
5312 11.508000
5313 11.646400
5314 11.789400
5315 11.457000
5316 11.736500
5317 11.697900
5318 11.485900
5319 11.750000
5320 11.793000
5321 11.466400
5322 11.715600
5323 11.930000
5324 11.836600
5325 11.657000
5326 11.822800
5327 11.701400
5328 11.800900
5329 11.860100
5330 11.767100
5331 11.894600
5332 11.920800
5333 11.665800
5334 11.797300
5335 11.747800
5336 11.613100
5337 11.900000
5338 11.913200
5339 11.631700
5340 11.734800
5341 11.750000
5342 11.480300
5343 11.665600
5344 11.752000
5345 11.442000
5346 11.748300
5347 11.879300
5348 11.677900
5349 11.773800
5350 12.061300
5351 11.924500
5352 11.817700
5353 11.769000
5354 11.677100
5355 11.777600
5356 11.857600
5357 11.608500
5358 11.919200
5359 11.703400
5360 11.557200
5361 11.613300
5362 11.824700
5363 11.583700
5364 11.820000
5365 11.664400
5366 11.378100
5367 11.653200
5368 11.767800
5369 11.537100
5370 11.629200
5371 11.680600
5372 11.430200
5373 11.628900
5374 11.734800
5375 11.594900
5376 11.671700
5377 11.778500
5378 11.584700
5379 11.875100
5380 11.915800
5381 11.493000
5382 11.722800
5383 11.682200
5384 11.620900
5385 11.727500
5386 11.802200
5387 11.536400
5388 11.721500
5389 11.647400
5390 11.568400
5391 11.566600
5392 11.845300
5393 11.430900
5394 11.739400
5395 11.645800
5396 11.826000
5397 12.102300
5398 11.988600
5399 11.617900
5400 11.864600
5401 12.033800
5402 11.612700
5403 11.713100
5404 11.914800
5405 11.695700
5406 11.901400
5407 11.854800
5408 11.672400
5409 11.971100
5410 11.869800
5411 11.853600
5412 11.840800
5413 11.836100
5414 11.580900
5415 11.891000
5416 11.843100
5417 11.499600
5418 11.982100
5419 11.845000
5420 11.662300
5421 11.789900
5422 12.046700
5423 11.518400
5424 11.842900
5425 11.610300
5426 11.441300
5427 11.616800
5428 11.826700
5429 11.611400
5430 11.755200
5431 11.660400
5432 11.391400
5433 11.492300
5434 11.717400
5435 11.653900
5436 11.572500
5437 11.721400
5438 11.392900
5439 11.671000
5440 12.352200
5441 11.566400
5442 11.680900
5443 11.657000
5444 11.355000
5445 11.639200
5446 11.499500
5447 11.315100
5448 11.534300
5449 11.561100
5450 11.286100
5451 11.743200
5452 11.819800
5453 12.130800
5454 11.903400
5455 11.654400
5456 11.494200
5457 11.585700
5458 11.776900
5459 11.347200
5460 11.675800
5461 11.444300
5462 11.520500
5463 11.661100
5464 11.826800
5465 11.369700
5466 11.724600
5467 11.614600
5468 11.594500
5469 11.745600
5470 11.722800
5471 11.398300
5472 11.621700
5473 11.624100
5474 11.496800
5475 11.573300
5476 11.574600
5477 11.457800
5478 11.582900
5479 11.704200
5480 11.404300
5481 11.521300
5482 11.493500
5483 11.244000
5484 11.530400
5485 11.545700
5486 11.302700
5487 11.583200
5488 11.693800
5489 11.324000
5490 11.599500
5491 11.610700
5492 11.277000
5493 11.441900
5494 11.531300
5495 11.418600
5496 11.579100
5497 11.484500
5498 11.320300
5499 11.362700
5500 11.509500
5501 11.427900
5502 11.492300
5503 11.385400
5504 11.369900
5505 11.573900
5506 11.511900
5507 11.250400
5508 11.589900
5509 11.440700
5510 11.202000
5511 11.498400
5512 11.451900
5513 11.262800
5514 11.433700
5515 11.408500
5516 11.290200
5517 11.439300
5518 11.538400
5519 11.253400
5520 11.567400
5521 11.489500
5522 11.274600
5523 11.405700
5524 11.645100
5525 11.262400
5526 11.625800
5527 11.454600
5528 11.243900
5529 11.469200
5530 11.526200
5531 11.400400
5532 11.444700
5533 11.448800
5534 11.212600
5535 11.460900
5536 11.431800
5537 11.233200
5538 11.374900
5539 11.427800
5540 11.236900
5541 11.528000
5542 11.462900
5543 11.221500
5544 11.444900
5545 11.498200
5546 11.262900
5547 11.407300
5548 11.471500
5549 11.570700
5550 11.462800
5551 11.778200
5552 11.278100
5553 11.453400
5554 11.439000
5555 11.414600
5556 12.231900
5557 11.529200
5558 11.323000
5559 11.484100
5560 11.546700
5561 11.200300
5562 11.496900
5563 11.616000
5564 11.405800
5565 11.446900
5566 11.728000
5567 11.368700
5568 11.705000
5569 11.551800
5570 11.399700
5571 11.586900
5572 11.658800
5573 11.383400
5574 11.696400
5575 11.622600
5576 11.437100
5577 11.603300
5578 11.589100
5579 11.245200
5580 11.522300
5581 11.441900
5582 11.183500
5583 11.480700
5584 11.491000
5585 11.278900
5586 11.422800
5587 11.365800
5588 11.307500
5589 11.410700
5590 11.673700
5591 11.595100
5592 11.502300
5593 11.471900
5594 11.473800
5595 11.785500
5596 11.689900
5597 11.460700
5598 11.695000
5599 11.952400
5600 11.558200
5601 11.775700
5602 11.791000
5603 11.442300
5604 11.338400
5605 11.511800
5606 11.295900
5607 11.417700
5608 11.543500
5609 11.210200
5610 11.398900
5611 11.436900
5612 11.247700
5613 11.515200
5614 11.660500
5615 11.539500
5616 11.674800
5617 11.664600
5618 11.533000
5619 11.655000
5620 11.760500
5621 11.451800
5622 11.732100
5623 11.758100
5624 11.336100
5625 11.607800
5626 11.600300
5627 11.330300
5628 11.621200
5629 11.554800
5630 11.316500
5631 11.409500
5632 11.504100
5633 11.180300
5634 11.604900
5635 11.538100
5636 11.438300
5637 11.704800
5638 11.791500
5639 11.531000
5640 11.696700
5641 11.626400
5642 11.514300
5643 11.652200
5644 11.709900
5645 11.516600
5646 11.683900
5647 11.698900
5648 11.496500
5649 11.667600
5650 11.753500
5651 11.649200
5652 11.832800
5653 11.640900
5654 11.485100
5655 11.527100
5656 11.632700
5657 11.305300
5658 11.599700
5659 11.633800
5660 11.403300
5661 11.545300
5662 11.601300
5663 11.257100
5664 11.492900
5665 11.566000
5666 11.408900
5667 11.536400
5668 11.562600
5669 11.321800
5670 11.639800
5671 11.526300
5672 11.389100
5673 11.533900
5674 11.597700
5675 11.327300
5676 11.563600
5677 11.681800
5678 11.399300
5679 11.569100
5680 11.518500
5681 11.451100
5682 11.669900
5683 11.638000
5684 11.999600
5685 11.752400
5686 11.614500
5687 11.599600
5688 11.643000
5689 11.635500
5690 11.462900
5691 11.681600
5692 11.716200
5693 11.533900
5694 11.798700
5695 11.684200
5696 11.418400
5697 11.575400
5698 11.780300
5699 11.402600
5700 11.681900
5701 11.790200
5702 11.468500
5703 11.655600
5704 11.579100
5705 11.415200
5706 11.851300
5707 11.518400
5708 11.341500
5709 11.628300
5710 11.711300
5711 12.610300
5712 11.799300
5713 11.513900
5714 11.474600
5715 11.653300
5716 11.671500
5717 11.525400
5718 11.595200
5719 11.602900
5720 11.424800
5721 11.667600
5722 11.701000
5723 11.444400
5724 11.674800
5725 11.637600
5726 11.446000
5727 11.483300
5728 11.704900
5729 11.341600
5730 11.465500
5731 11.524500
5732 11.249300
5733 11.396200
5734 11.584400
5735 11.337000
5736 11.628000
5737 11.992200
5738 11.253300
5739 11.405700
5740 11.558900
5741 11.253700
5742 11.401100
5743 11.325200
5744 11.218600
5745 11.391800
5746 11.682100
5747 11.229700
5748 11.497000
5749 11.481300
5750 11.298800
5751 12.261800
5752 11.620500
5753 11.356200
5754 11.608500
5755 11.435000
5756 11.405300
5757 12.097500
5758 11.639500
5759 11.265200
5760 11.565600
5761 11.601600
5762 11.740400
5763 11.655800
5764 11.727500
5765 11.440200
5766 11.849800
5767 12.793400
5768 11.556800
5769 11.708500
5770 12.480500
5771 11.365900
5772 11.715400
5773 11.546100
5774 11.579200
5775 11.789900
5776 11.768700
5777 11.471700
5778 11.683800
5779 11.547100
5780 11.587600
5781 11.623400
5782 11.637200
5783 11.390000
5784 11.621600
5785 11.556800
5786 11.355400
5787 12.174600
5788 11.592100
5789 11.334500
5790 11.620500
5791 11.700900
5792 11.479200
5793 11.779400
5794 12.513100
5795 11.508000
5796 11.755700
5797 11.775900
5798 11.630200
5799 11.835600
5800 12.736600
5801 11.874100
5802 11.987400
5803 11.719900
5804 11.588400
5805 11.569200
5806 11.835700
5807 11.527800
5808 11Running scripts/B747.01.manipulators/B747.01.manipulators.lua
Running scripts/B747.03.electrical/B747.03.electrical.lua
Running scripts/B747.10.gear/B747.10.gear.lua
Running scripts/B747.15.com/B747.15.com.lua
Running scripts/B747.20.hydraulics/B747.20.hydraulics.lua
Running scripts/B747.25.fuel/B747.25.fuel.lua
Running scripts/B747.30.fltMgmt/B747.30.fltMgmt.lua
Running scripts/B747.35.fire/B747.35.fire.lua
Running scripts/B747.40.engines/B747.40.engines.lua
Running scripts/B747.45.fltCtrls/B747.45.fltCtrls.lua
Running scripts/B747.50.antiice/B747.50.antiice.lua
Running scripts/B747.55.air/B747.55.air.lua
Running scripts/B747.60.fltInst/B747.60.fltInst.lua
Running scripts/B747.68.fmsL/B747.68.fmsL.lua
Running scripts/B747.68.fmsR/B747.68.fmsR.lua
Running scripts/B747.70.autopilot/B747.70.autopilot.lua
Running scripts/B747.85.safety/B747.85.safety.lua
Running scripts/B747.87.warning/B747.87.warning.lua
Running scripts/B747.90.lighting/B747.90.lighting.lua
Running scripts/B747.95.AI/B747.95.AI.lua
Picking device: GeForce GTX 1660 Ti
MicroProfile: Web server started on port 1338
NAVT: Airspace: 131122 usec
NAVT: NavData: 4790862 usec
NAVT: Navaids: 179525 usec
NAVT: Fixes: 330730 usec
NAVT: Airways: 609039 usec
PERLIN AVERAGE: 127
BAD GAMMA: Resources/default scenery/sim objects/dynamic/Nimitz.png
BAD GAMMA: Resources/default scenery/sim objects/dynamic/Nimitz_lit.png
BAD GAMMA: Resources/default scenery/sim objects/dynamic/Perry.png
BAD GAMMA: Resources/default scenery/sim objects/dynamic/Perry_lit.png
Set boat to (0.00, -2407656.75, 4991588.50), heading 8.000000 for approach
Clearing all patches.
Loading 597 (+70+030.png
Loading 598 (+70+040.png
Loading 599 (+70+050.png
Loading 633 (+80+030.png
Loading 634 (+80+040.png
Loading 635 (+80+050.png
Planet prep: 63 usec
Loading 484 (+40-020.png
Loading 485 (+40-010.png
Loading 486 (+40+000.png
Loading 520 (+50-020.png
Loading 521 (+50-010.png
Loading 522 (+50+000.png
Loading 556 (+60-020.png
Loading 557 (+60-010.png
Loading 558 (+60+000.png
Planet prep: 164 usec
parse_voice_pack: Resources/default scenery/default atc dat/voices/default pilot/default_pilot.voc: 1185493 usec
parse_voice_pack: Resources/default scenery/default atc dat/voices/default/default.voc: 1197779 usec
BAD GAMMA: Resources/default scenery/sim objects/dynamic/Nimitz.png
BAD GAMMA: Resources/default scenery/sim objects/dynamic/Nimitz_lit.png
BAD GAMMA: Resources/default scenery/sim objects/dynamic/Perry.png
BAD GAMMA: Resources/default scenery/sim objects/dynamic/Perry_lit.png
Flushing sync pipe: 1411 usec
.849800
5809 11.749500
5810 11.414600
5811 11.538300
5812 11.702400
5813 11.441300
5814 11.844200
5815 12.158300
5816 11.917900
5817 11.750000
5818 11.783100
5819 11.603200
5820 11.737200
5821 11.681200
5822 11.441900
5823 11.710100
5824 11.767900
5825 11.591900
5826 11.829300
5827 11.846600
5828 11.586800
5829 11.818100
5830 11.919600
5831 11.637000
5832 11.856800
5833 11.766300
5834 11.811500
5835 11.852800
5836 12.018600
5837 11.621500
5838 11.997100
5839 11.919900
5840 11.712600
5841 11.898300
5842 11.946900
5843 11.672100
5844 11.959000
5845 11.903900
5846 11.767900
5847 11.887500
5848 11.985600
5849 11.657000
5850 11.868300
5851 12.062100
5852 11.794500
5853 11.836300
5854 11.987200
5855 11.773500
5856 11.928200
5857 11.904600
5858 11.704600
5859 11.899300
5860 11.914200
5861 11.672600
5862 12.000100
5863 11.870800
5864 11.578200
5865 11.685400
5866 12.052300
5867 11.711400
5868 11.803900
5869 11.864400
5870 11.674400
5871 11.789500
5872 11.942800
5873 11.534700
5874 11.883400
5875 11.743400
5876 11.492100
5877 11.939400
5878 11.786300
5879 11.526000
5880 11.839100
5881 11.823100
5882 11.664000
5883 11.875500
5884 11.762800
5885 11.601300
5886 11.603500
5887 11.659700
5888 11.398000
5889 12.095700
5890 11.902900
5891 11.696700
5892 11.870600
5893 11.880700
5894 11.603700
5895 11.734300
5896 11.854700
5897 11.587200
5898 11.747600
5899 11.729000
5900 11.423500
5901 11.886900
5902 11.848500
5903 11.392400
5904 11.662700
5905 11.617600
5906 9.895700
5907 8.919300
5908 8.585000
5909 8.319000
5910 8.511300
5911 8.591900
5912 8.303800
5913 8.473500
5914 8.579900
5915 9.239300
5916 8.576000
5917 8.616400
5918 8.367000
5919 8.558500
5920 8.527100
5921 8.314600
5922 8.498800
5923 8.608600
5924 8.294200
5925 8.344300
5926 8.500900
5927 8.282300
5928 8.441400
5929 8.313500
5930 8.089400
5931 8.307400
5932 8.426700
5933 8.125800
5934 8.430500
5935 8.387900
5936 8.197300
5937 9.654500
5938 8.638900
5939 8.259900
5940 8.556400
5941 8.531600
5942 8.359300
5943 8.559200
5944 8.553400
5945 8.289300
5946 8.533400
5947 8.448500
5948 8.424200
5949 8.581600
5950 8.523000
5951 8.515400
5952 8.584400
5953 8.553900
5954 8.316600
5955 8.285300
5956 8.541200
5957 8.322400
5958 8.627400
5959 8.580600
5960 8.327900
5961 8.413600
5962 8.562600
5963 8.346200
5964 8.679400
5965 8.477600
5966 8.485000
5967 8.522200
5968 8.604100
5969 8.302700
5970 8.683200
5971 8.484500
5972 8.343900
5973 8.558800
5974 8.991100
5975 8.271100
5976 8.463000
5977 8.530600
5978 8.327200
5979 8.364800
5980 8.550000
5981 8.500100
5982 8.526500
5983 8.582700
5984 8.247000
5985 8.338000
5986 8.520500
5987 9.267300
5988 8.579800
5989 8.329800
5990 8.414200
5991 8.498800
5992 8.237000
5993 8.520900
5994 8.430700
5995 8.168400
5996 8.255400
5997 8.448300
5998 8.181300
5999 8.462000
6000 8.458200
6001 8.259600
6002 8.447200
6003 8.454200
6004 8.217600
6005 8.292100
6006 8.491600
6007 8.256700
6008 8.362500
6009 8.506200
6010 8.140000
6011 8.408600
6012 8.437900
6013 8.253900
6014 8.269900
6015 8.354200
6016 8.225300
6017 8.462500
6018 8.354500
6019 8.206900
6020 8.359700
6021 8.436100
6022 8.283500
6023 8.379000
6024 8.253400
6025 8.059300
6026 8.478400
6027 8.399100
6028 8.102200
6029 8.372100
6030 8.305400
6031 8.150000
6032 8.362300
6033 8.496200
6034 8.126600
6035 8.492900
6036 8.503200
6037 11.688800
Frames: 6038:
UDP packets lost: 57
Frame rate 49.448234 fps
Frames: 6038:
UDP packets lost: 57
Frame rate 49.448001 fps
